-50.00  0.169905 
-49.00  0.169911 
-48.00  0.169917 
-47.00  0.169923 
-46.00  0.169929 
-45.00  0.169937 
-44.00  0.169943 
-43.00  0.169952 
-42.00  0.169958 
-41.00  0.169967 
-40.00  0.169974 
-39.00  0.169984 
-38.00  0.169992 
-37.00  0.170002 
-36.00  0.170011 
-35.00  0.170019 
-34.00  0.170031 
-33.00  0.170040 
-32.00  0.170052 
-31.00  0.170062 
-30.00  0.170078 
-29.00  0.170089 
-28.00  0.170106 
-27.00  0.170120 
-26.00  0.170138 
-25.00  0.170152 
-24.00  0.170172 
-23.00  0.170189 
-22.00  0.170214 
-21.00  0.170232 
-20.00  0.170259 
-19.00  0.170279 
-18.00  0.170302 
-17.00  0.170336 
-16.00  0.170363 
-15.00  0.170401 
-14.00  0.170431 
-13.00  0.170480 
-12.00  0.170515 
-11.00  0.170568 
-10.00  0.170609 
-9.00  0.170681 
-8.00  0.170748 
-7.00  0.170847 
-6.00  0.170945 
-5.00  0.171070 
-4.00  0.171183 
-3.00  0.171341 
-2.00  0.171576 
-1.00  0.171746 
-6.22E-15  0.172040 
1.00  0.172260 
2.00  0.172675 
3.00  0.172836 
4.00  0.173124 
5.00  0.173316 
6.00  0.173589 
7.00  0.173781 
8.00  0.174066 
9.00  0.174300 
10.00  0.174583 
11.00  0.174782 
12.00  0.175062 
13.00  0.175312 
14.00  0.175484 
15.00  0.175700 
16.00  0.175884 
17.00  0.176135 
18.00  0.176293 
19.00  0.176494 
20.00  0.176635 
21.00  0.176822 
22.00  0.176946 
23.00  0.177100 
24.00  0.177199 
25.00  0.177316 
26.00  0.177404 
27.00  0.177474 
28.00  0.177559 
29.00  0.177606 
30.00  0.177664 
31.00  0.177698 
32.00  0.177737 
33.00  0.177762 
34.00  0.177796 
35.00  0.177816 
36.00  0.177839 
37.00  0.177853 
38.00  0.177871 
39.00  0.177883 
40.00  0.177896 
41.00  0.177905 
42.00  0.177916 
43.00  0.177923 
44.00  0.177929 
45.00  0.177938 
46.00  0.177944 
47.00  0.177951 
48.00  0.177955 
49.00  0.177961 
50.00  0.177964 
51.00  0.177969  
