14.595026
5.911403
1.586247
50.249229
4.582469
2.715967
1.719234
1.395465
4.679775
2.588397
41.053086
1.316236
9.080428
3.856794
1.618136
2.044187
12.858486
53.582598
8.551359
2.384741
23.272062
53.182417
3.28101
2.257564
6.791841
2.963532
41.685528
3.482786
1.829646
10.167578
33.113535
3.55169
1.219989
2.559178
18.403263
2.338825
43.089705
20.259066
21.578509
1.972706
35.834936
60.553944
1.391675
4.057439
33.644778
9.518428
2.531147
47.715539
12.556663
2.060516
2.142564
1.944132
3.596871
3.342139
1.560775
1.34349
2.566463
1.815673
1.677779
6.569537
6.08233
1.338619
2.826902
2.797629
37.862391
35.485455
1.978601
3.204824
5.773852
2.11006
2.45929
2.794596
2.69183
2.702902
5.996328
11.204126
1.833531
5.709988
2.367999
2.416308
2.339816
51.22664
6.281763
1.538702
5.4874
26.330074
4.321572
2.503093
4.841945
2.946785
6.268626
8.577816
4.063564
39.329911
50.595278
47.808209
1.239723
3.067542
10.879153
1.286416
1.434028
46.496565
3.085184
1.352013
2.134744
3.434687
12.402103
48.128078
21.812084
2.851812
1.171093
1.802023
33.338953
11.511496
2.722621
40.039227
5.193452
1.198416
15.616672
3.027135
1.277497
19.767462
37.567562
3.014509
1.737984
45.794172
17.667639
4.489316
1.236241
4.406437
13.175332
15.770285
56.870424
40.709141
24.253662
2.939269
2.13756
62.757364
32.407865
31.78328
3.739606
1.480114
2.193056
4.374223
46.267755
16.660903
1.293576
1.805737
7.911879
1.659167
1.477242
1.450843
1.590335
42.784283
19.879339
2.531596
2.899722
36.317701
37.000324
30.068384
18.940556
34.255996
1.589648
48.573172
2.77296
3.854977
22.477541
32.903056
3.362657
1.365529
56.018542
2.429176
24.320367
3.251238
2.186446
38.973375
1.966572
13.489356
6.168832
20.12482
8.307888
57.742825
30.379756
5.420944
3.062264
3.424924
9.442549
3.844992
12.203645
19.72957
3.618568
2.18919
1.444896
36.173245
2.248196
3.129471
2.994344
30.577501
1.331082
1.291152
29.071659
4.512677
2.596379
40.79941
2.79607
2.649913
13.065118
3.353742
1.512074
58.055592
56.091259
5.047785
34.065812
3.976006
5.43439
36.222462
12.091027
2.529097
1.797116
1.479699
59.008837
42.066288
1.815583
11.961451
6.331094
11.107241
2.303772
40.6109
3.16673
6.363186
12.655575
4.38765
2.068798
1.896131
15.700051
2.580256
4.160943
17.029928
21.42585
8.736457
28.032307
25.190754
1.477732
1.349828
24.616413
27.391885
5.407663
1.550269
2.239022
4.929371
1.185857
49.198606
6.474626
1.509047
22.452412
32.404753
2.053724
4.84423
5.353566
41.401129
1.314403
4.255672
3.227671
33.659103
1.560726
33.768944
4.637052
1.394795
2.922057
37.246688
1.453137
7.781235
1.280988
39.371523
3.591675
5.602373
3.851597
2.784254
54.819441
6.273625
14.847448
20.979461
3.395954
2.572628
1.763476
3.14413
20.971418
3.58762
4.866643
4.750684
1.38574
12.71804
1.822018
6.388377
55.768544
18.090586
42.069839
4.820819
2.491957
34.946011
4.27973
1.324573
12.867833
1.324498
16.14878
25.664669
27.662268
54.805004
24.179725
2.918204
3.78519
2.13698
53.839742
6.77877
8.011753
1.392167
6.946347
12.938587
1.354825
5.940365
5.917691
1.964994
18.387103
6.030146
51.560298
2.96206
2.230517
2.179676
48.190573
1.467766
62.059663
45.226136
21.973436
24.632354
32.072886
3.831417
2.0806
20.745065
3.953353
1.278923
1.174141
1.79423
38.214196
1.291554
45.955075
1.455342
2.157734
6.863976
3.366584
1.277469
1.524657
2.866387
2.333519
5.725048
1.394348
3.920098
4.464122
6.994991
59.942356
1.426234
1.934673
6.190341
57.523131
1.602691
1.3542
1.484508
4.647884
2.99694
1.251134
1.698743
3.40546
11.643873
3.066341
55.986092
2.269234
14.474284
42.779149
4.3326
44.781418
46.024751
2.248293
2.991345
2.241465
1.3764
2.264093
1.642299
32.138198
2.75519
1.187605
2.949123
31.420086
2.001262
2.989757
1.749585
47.894034
33.117183
26.580837
18.484772
6.900349
1.806663
3.768523
3.332588
2.332385
56.486234
1.457458
45.139502
1.869584
1.651234
8.958682
33.005215
3.837819
57.895281
6.911711
4.600944
4.045256
6.761433
1.446368
1.243671
33.954121
1.516791
8.048099
1.52995
1.382556
2.581767
3.289086
3.536043
26.757941
1.849663
2.695605
28.740168
30.265758
56.527057
35.686438
1.585647
4.824243
2.190648
9.809902
3.552959
2.021323
17.473229
62.135358
3.940962
4.336385
3.011462
40.415866
27.049001
61.855304
3.684872
18.594946
7.451293
1.5258
19.979004
29.332843
1.315199
1.869634
17.004215
60.968957
2.778607
1.857743
1.172906
1.440953
2.086185
1.913585
2.005332
3.745217
26.376739
2.474489
44.362552
5.389317
9.042501
37.6887
2.096848
1.371268
3.604503
12.646746
2.676616
15.559906
1.236446
25.149466
35.097233
60.89669
45.783458
22.319089
1.437464
5.400357
2.422669
5.063512
6.242267
3.206875
1.812467
1.865509
3.416655
3.619548
1.45161
1.533953
2.077944
14.08932
33.439897
48.424854
28.458201
1.955626
25.595398
1.570575
4.358595
2.309642
39.294205
25.764601
3.354661
4.626945
5.697584
4.603125
6.703755
1.336179
1.571339
1.616868
50.589284
4.408009
32.769747
1.222783
4.401481
1.706947
7.941329
2.635752
7.296978
2.394448
3.092509
46.759168
30.493278
2.241757
2.030534
2.050631
62.36122
1.736476
16.78219
3.675878
51.079221
7.802825
2.900078
6.502768
1.965839
2.665755
4.034473
3.210574
3.771945
6.694317
58.997419
1.872947
10.415807
10.588538
2.059918
39.930229
1.813115
2.002604
2.235058
47.761955
2436
60.653134
2.061275
15.007647
4.434384
2.787766
5.944165
2.425967
1.296984
1.60777
1.44722
6.388646
28.484579
5.032652
36.100524
1.567299
54.138056
3.549901
3.764719
4.711372
8.777958
52.112656
6.634196
41.230927
2.712872
3.096413
35.647951
10.724777
7.443278
15.304829
3.079832
2.306763
2.947085
1.285636
3.746915
2.486966
1.930638
2.099102
4.321994
53.577801
2.406687
5.967991
1.809181
3.568234
5.108301
4.421282
24.094256
43.087256
2313
4.24026
6.322237
1.200768
3.244619
2.074611
1.357379
2.415586
6.532015
3.038625
4.20181
1.31455
2.470425
6.618995
2.657716
2.342409
1.496462
1.468309
56.87479
4.880058
3.747153
4.29036
3.11652
38.922522
1.896616
1.41734
1.803524
2.448847
1.379452
2.466587
7.195949
2.088184
5.918464
1.808804
9.421886
5.782628
32.929298
7.101774
5.350019
1.755844
62.395909
2.159341
3.246484
2.716504
38.051598
6.425877
47.744831
61.671622
2.918082
46.213944
5.272777
6.299207
1.312251
2.284034
56.549801
32.65941
7.265763
2.927147
18.154932
2.200095
1.358973
6.018139
52.858867
3.368029
1.338176
1.830915
4.977563
1.694995
1.414329
5.438343
2.039753
37.706257
3.408924
48.617084
41.917574
2.053657
37.686419
4.483067
4.468305
62.857239
50.815922
4.816142
11.803152
2.169076
2.719937
1.204837
2.786138
5.616046
4.177653
29.128409
56.26053
48.75852
1.499407
4.943905
28.881317
23.581438
56.64693
32.402608
2.529263
3.812365
14.811878
6.993293
3.392303
31.115862
1.288188
2.854458
2.193379
21.719673
1.314148
4.197599
3.156887
1.382964
3.71532
3.083447
2.268706
1.5556
8.275241
1.537274
1.669003
16.189399
1.404477
9.315445
1.507037
1.448879
1.597992
1.27917
4.721875
57.09535
4.01356
5.045964
5.903951
5.564411
33.98657
5.571183
21.283953
62.234352
56.518963
3.208599
2.118987
2.072434
6.491956
6.60473
5.900866
3.505625
1.229552
2.10243
14.621196
30.105526
1.448708
1.587551
60.518084
1.19994
51.505858
52.595699
28.317045
3.803123
1.883931
3.013031
20.171303
1.302033
5.803162
5.623715
40.844623
1.70222
56.040229
2.676413
55.685239
1.369659
1.876201
2.675949
2.738666
1.190288
37.916523
29.711545
59.542207
38.275146
9.7884
2.458111
6.509337
1.839604
1.897046
1.852625
22.490895
24.146015
2.207531
1.544435
1.528552
49.688271
2.448589
37.806477
2.386347
1.294819
4.338367
2.917591
5.724533
48.310116
2.374118
38.141528
17.139152
3.704864
6.406776
5.244596
6.466057
46.584741
3.683513
44.475585
29.916985
2.245331
1.771862
4.825214
2.010249
4.933039
46.285223
8.94741
3.685656
5.268765
1.618648
1.791867
2.300187
55.013633
52.29177
2.118411
2.603869
3.935844
4.207431
57.997114
2.513634
2.53273
59.727464
3.881803
2.547354
12.223392
49.877439
3.16204
5.867687
3.471286
3.399198
1.780866
4.74715
61.933904
5.401051
2.116223
9.969881
1.72469
1.573017
13.729823
1.800098
1.604404
4.639183
1.58542
1.343555
1.724708
1.349575
4.220904
4.589239
1.232404
36.256864
6.036444
3.458751
32.761968
55.204433
2.334693
2.278569
56.893161
17.950741
1.520341
3.749364
33.469229
1.664738
2.478065
1.851883
2.142553
2.171562
12.598778
4.390251
3.746061
4.036113
2.566691
2.499637
14.613627
33.160862
3.2837
4.13307
4.066031
5.036504
1.486386
1.586041
23.672386
4.715456
1.23296
15.733171
2.405811
5.568139
1.262785
1.733804
2.20442
2.190484
3.069099
39.998593
5.065623
7.370991
2.685571
7.240494
51.393793
59.733119
31.239486
1.810085
7.832515
3.676736
56.311481
3.215931
60.251715
35.024684
26.177601
2.588326
24.353285
2.026751
3.288617
7.891981
8.359017
1.288521
1.455667
1.470775
3.633853
1.953559
3.523187
2.607635
2.022479
8.441961
1.227303
3.159282
3.394147
35.175848
1.638287
7.895474
3.187427
15.965847
60.277623
3.918751
1.369324
1.187267
11.486016
1.831014
1.787502
47.260373
1.542786
1.491941
6.89427
3.14796
3.184225
2.310305
24.005985
6.493582
5.493407
44.600484
49.557972
3.326729
47.90264
52.83
55.180172
1.92829
31.066001
42.242747
1.551927
5.198233
25.936785
1.291971
5.72438
1.906805
52.87477
3.766413
1.961892
1.528529
41.394433
1.452389
1.410707
2.349358
44.123485
31.796277
4.408549
1.72651
1.832478
2.219642
1.794529
4.586004
3.641685
25.617688
3.712453
6.691251
2.398217
60.987178
2.745951
1.875431
36.967555
2.464611
9.036079
4.231423
3.620256
57.061895
1.567165
2.280316
34.354762
2.115939
3.191248
1.716437
1.206405
2.296819
1.171683
3.140712
3.624997
6.142761
3.703031
54.945721
12.115739
31.039027
6.426318
51.140733
38.472317
44.995821
4.860696
5.355552
2.286014
49.763647
46.140137
4.165673
3.065555
28.24977
3.422465
44.015566
61.522201
44.690764
1.5678
13.713735
25.952192
24.342559
3.346937
3.929913
10.720571
4.829434
44.162739
1.186574
1.333031
1.804435
12.617717
1.34431
27.460762
11.456144
1.573841
45.368084
8.92538
5.314206
1.17783
22.083282
1.804379
55.52775
44.664348
9.129392
6.052807
31.444535
1.17094
2.686312
58.487417
2.303203
29.43804
2.816127
2.553326
2.286209
14.17905
2.032543
1.482037
1.242541
2.276222
3.76841
7.249561
9.548517
2.975025
57.241771
18.477064
12.778021
9.914848
3.259914
19.663474
9.053024
2.960381
5.212702
3.103025
57.881385
2.619056
11.062097
4.90942
2.613708
7.010458
3.423367
6.434763
1.431207
28.518805
2.087307
3.924021
4.643708
2.12138
5.242724
4.944105
2.298403
2.150478
2.802144
17.601241
5.842854
1.498692
5.15502
1.325961
2.130711
19.624733
39.013786
5.448668
40.640287
3.595866
12.429032
4.692044
20.551911
5.837062
1.366426
45.401908
57.766805
2.905233
1.189052
1.621242
5.044254
18.925985
2.923154
2.8814
10.932579
2.134266
5.082221
4.67044
5.929783
39.640363
1.887196
3.08757
44.188947
6.109438
2.939663
2.109921
7.450483
2.578763
1.811974
37.033627
40.468747
2.119367
1.929081
55.459373
1.243054
47.295329
2.939933
2.919905
3.819878
1.672842
1.712121
39.024618
4.485135
57.403544
5.613927
37.714602
46.860462
50.229431
1.49956
2.650502
7.223699
15.495249
53.028515
1.336777
1.22668
39.856118
3.871043
49.841884
35.168224
2.517895
1.244449
1.518627
2.588613
38.207516
51.829039
60.285984
28.148391
3.630081
58.042247
22.622139
3.451907
5.17918
3.30751
1.415283
10.220882
1.422794
55.567044
3.34796
3.810647
59.225196
49.571895
1.993764
1.208756
2.324753
17.643393
3.799453
1.919979
6.681734
1.284747
4.37049
1.900075
31.734218
17.2416
1.333694
37.154927
8.056649
1.327912
2.950559
3.883527
6.359958
46.488818
2.028271
46.095456
1.482197
2.648808
1.228894
4.535929
1.646436
1.93861
2.585813
33.14135
5.727997
1.94076
6.896061
55.785993
5.602716
9.052502
2.205758
62.118033
3.21993
3.51849
36.043033
1.261109
1.871614
1.808062
7.696775
1.437267
4.455029
5.301762
32.053819
1.529454
43.179175
3.90455
4.508296
1.219162
8.048127
1.852695
4.343247
31.127873
1.551598
35.480926
41.237301
16.192096
1.935477
8.208291
27.281705
31.617232
1.941138
1.582784
2.300811
55.148678
12.334557
1.315557
5.558795
2.01481
5.157879
3.396917
4.451693
43.465078
9.140876
48.515172
44.389662
54.037942
2.853991
1.478219
20.724095
9.380228
32.354695
2.104977
42.46571
32.016053
50.913463
2.062512
1.235272
33.231568
4.650904
1.836499
19.643717
2.165141
2.905971
24.284079
4.762414
2.719966
1.270959
7.263991
6.728171
19.601677
1.62061
23.513427
12.020364
62.585869
61.003678
1.643786
43.711388
1.944552
4.68864
58.775611
54.229399
9.925966
8.199892
2.966845
58.833823
44.846065
19.228939
4.731865
13.849759
50.55671
3.201141
29.486036
5.016735
1.68735
1.698007
2.791026
1.436871
1.737292
5.661039
48.854744
2.076621
8.22604
2.068955
10.924316
2.371264
6.6898
14.154808
1.43707
31.924996
11.032902
2.344355
24.256035
3.344673
47.853489
1.340068
2.237292
4.192739
7.305414
2.827496
4.961847
2.281049
3.866378
4.483646
1.564108
2.594265
1.394512
5.517872
34.301908
62.318885
1.711078
10.549458
2.162556
17.199795
8.939652
48.519719
60.438314
6.213521
1.696903
2.865716
4.546741
20.493198
19.797932
3.501027
1.583643
19.605647
37.784132
56.596324
1.806582
1.434971
3.8709
2.654511
2.910862
21.353814
5.220656
32.804652
13.657285
7.367146
26.582995
13.713161
1.487064
20.596545
1.457416
18.725495
55.137102
5.12366
37.185253
55.873321
52.139162
6.589968
52.511768
1.29329
30.646057
42.037213
1.270126
24.989423
20.70617
33.845068
2.84573
33.628746
1.360505
5.707751
57.382423
5.974963
9.863988
2.003528
1.179266
53.925047
52.70653
62.163166
1.337252
1.491556
51.07328
62.108726
2.069084
4.460905
56.202973
1.572539
3.346097
29.797938
13.617045
53.586164
11.379629
7.912235
8.573845
12.647817
2.158054
14.358015
3.495483
2.761767
3.771896
47.473118
36.543818
3.266704
2.420208
2.103165
3.867932
5.663959
2.096076
53.65219
61.727598
2.782545
3.944994
56.490085
60.939406
8.664617
6.473684
1.837973
2.711835
1.269793
3.599323
1.3504
4.093115
2.720904
1.479687
1.794857
1.442203
4.639475
22.199106
3.127938
1.9731
2.86341
1.931768
18.147751
1.410828
1.466708
1.711487
1.979673
5.823277
2.482245
31.08346
4.996837
26.842235
6.25415
47.978165
7.597182
3.622384
1.767092
3.212292
1.372305
15.642744
1.671513
33.624701
2.32297
51.007468
2.077368
3.598741
1.588009
1.216376
5.380787
1.738216
2.013653
4.827656
4.660671
32.230053
2.23248
1.910571
3.757961
18.470206
4.789202
3.234044
2.320744
1.88906
44.933472
2.215402
3.963003
2.520215
1.51537
3.991498
8.741444
44.011358
1.666826
9.594486
37.825067
1.835607
27.899596
7.285512
1.889131
8.253236
16.194076
50.671151
2.836819
3.695562
45.936331
12.739743
3.074689
2.500551
23.086541
29.014413
3.028354
2.914416
4.320767
2.068076
5.367074
2.894978
42.521574
5.528842
35.458398
8.18887
1.381639
1.264882
4.519268
6.356259
2.897926
51.067763
48.198176
21.573429
20.339955
1.867975
38.510561
60.480261
55.066228
3.353621
9.784186
54.526802
49.81148
3.315191
52.225612
19.964664
2.000796
1.820661
3.25375
2.09938
32.198585
24.323968
8.245012
16.81008
3.006209
15.515921
56.650112
1.54026
1.714429
1.253499
4.100095
11.563158
1.264745
15.278074
14.093694
5.420505
15.612469
6.148117
3.496967
44.873164
1.86958
2.424097
4.314905
3.596584
1.175076
2.029172
2.955056
37.586028
16.38889
9.459159
27.242748
2.017486
6.300697
50.418056
3.199727
2.059621
2.904068
54.194918
1.912885
1.832297
4.482418
1.672008
1.383158
56.399886
21.456661
6.976404
1.385659
21.316819
57.217312
13.434976
7.74519
1.232416
2.265977
53.543118
42.048365
5.870686
3.320326
1.375251
60.418047
1.355172
54.428364
32.193047
3.222691
1.372913
7.315164
1.931533
1.899846
8.74509
17.996952
2.259303
25.305127
52.915908
3.414207
46.227586
45.277604
1.565853
3.307305
27.82676
19.491458
1.705411
7.266007
2.560468
1.25378
2.098074
16.102968
6.910068
3.379672
1.858994
59.628188
50.84349
5.312812
2.269173
6.571445
2.950259
36.143446
18.597092
17.7701
11.758935
53.662157
6.227073
3.056796
3.540473
3.253685
2.978024
38.809035
4.946703
1.726304
2.603558
3.10337
2.745537
9.612612
1.299237
1.178177
2.420463
2.298512
8.807658
47.514847
2.024334
3.468393
2.472438
3.34602
3.180656
62.352803
1.523145
46.468557
2.663227
2.20451
41.13701
43.088692
4.358761
1.426074
25.785847
2.068052
1.535356
7.40813
3.20857
8.736869
4.614709
20.280887
2.954463
59.979408
11.670627
48.024215
1.724009
1.692348
58.167698
3.108142
2.168209
2.35508
51.305536
44.665757
16.411249
4.105554
26.961301
5.640735
1.19619
1.850925
57.715837
4.219211
5.705077
31.101477
1.500735
1.862584
55.565069
50.723408
2.568416
3.512156
2.464437
3.101117
33.048508
60.677669
1.438839
2.262351
4.574142
1.510427
58.867114
17.179586
50.599748
3.677602
2.508632
21.494497
20.680095
1.696599
40.007171
2.346248
3.879704
37.485625
18.18998
4.932621
6.527997
1.503912
3.568241
1.372445
19.878002
4.947293
17.348454
31.795063
5.783586
30.373001
1.399335
19.515847
3.937195
1.647397
1.197849
1.462088
19.565736
37.279663
58.654276
1.658364
24.517164
1.446601
3.394718
33.615671
7.17203
34.485171
1.378176
1.27859
12.506496
50.643851
4.852611
2.434999
8.03856
32.802326
21.400793
1.223178
3.191252
7.017943
1.286509
1.646672
1.41187
56.9716
5.805733
26.697413
2.380001
1.244443
3.707038
2.256091
3.383922
3.102166
46.969259
35.225147
3.783614
1.29311
7.782728
2.558688
5.216818
2.786373
2.129042
2.155556
1.988402
58.526319
17.097605
14.937009
13.282123
2.649825
3.058195
3.037316
2.705764
3.516292
6.711379
6.581072
2.629475
54.662866
1.507153
59.896352
1.791343
6.558757
1.476306
10.052707
3.370797
7.741344
3.925504
32.922417
2.28292
2.396458
1.610776
56.017094
5.025455
1.435859
2.754823
55.7932
2.690262
2.421461
1.865956
3.576853
2.596763
1.927483
8.156643
2.034956
15.353647
1.546228
57.687975
40.422308
3.005534
11.558637
4.151406
3.829017
1.804416
1.596826
42.638688
4.283679
48.553663
53.572907
2.681251
2.081386
2.790291
61.167702
15.95763
4.240879
52.342998
4.832383
1.747692
3.791054
4.457677
2.143675
1.645445
9.873038
2.254687
7.777959
2.535542
20.654407
5.725818
3.539128
2.725339
41.088485
3.808788
24.812847
1.324418
53.311391
1.428447
4.236104
42.355342
1.296833
43.620344
51.471659
18.644153
4.739192
21.647066
2.838078
23.43566
1.96114
2.184523
43.66566
56.671892
3.127109
3.697676
2.72044
3.071739
2.084743
21.9561
6.760906
2.101833
4.114078
10.565492
2.458963
36.473833
56.742786
8.157884
2.363875
1.380541
1.509069
2.133985
48.261018
7.574687
2.816906
42.886462
2.084598
1.224452
2.027654
5.041054
47.858763
4.816372
25.699892
31.203922
5.385575
34.342521
1.982611
40.444701
1.791354
37.858231
32.680515
31.718686
47.870811
14.108564
1.39359
3.057845
2.327728
5.84573
1.648225
31.707209
1.899026
31.556311
4.850619
1.196653
5.442372
1.686349
2.472749
55.316589
4.278276
1.176922
55.131012
39.694883
49.423053
25.868631
1.561248
36.336063
3.195833
28.397472
3.705452
5.877548
2.535122
1.780154
2.286702
3.24239
1.835505
41.981487
47.524251
1.472248
2.740512
1.576898
2.091344
5.869839
37.530499
44.701853
60.4775
2.544076
8.042461
8.620786
1.878243
59.766779
1.694142
3.12756
2.057825
3.113301
10.309479
22.222659
53.420364
10.58821
1.637993
1.741311
2.075244
3.030294
1.448022
45.038126
12.628969
51.959912
9.99697
4.569712
2.985172
1.419658
20.699241
21.167866
41.648461
59.821717
58.542982
15.524847
2.123403
53.872624
2.267942
3.099217
12.972966
4.303546
29.980288
3.237279
11.365926
1.924775
27.835154
7.144678
6.175782
8.955793
47.598063
32.367932
1.639259
8.627391
5.22347
32.748969
1.381239
21.953602
49.329822
36.589235
16.527145
1.741562
40.713295
3.933881
9.781369
2.086588
8.313224
6.454558
25.564165
10.400363
3.137456
31.48408
52.07997
2.013269
2.862515
39.861134
1.678013
1.436329
2.608074
57.149543
3.872568
27.142402
5.750058
4.204281
3.548941
2.809002
1.833167
4.027079
8.572009
2.512668
3.406113
2.844508
31.779915
29.79005
11.888545
2.89107
19.31808
1.4428
4.950027
3.775039
42.054276
8.37744
1.830215
2.868127
3.080277
27.988183
23.675493
30.463566
1.229098
40.468662
5.262016
2.046445
4.324161
21.16368
42.009327
1.988464
2.608632
31.896901
5.251524
19.114199
29.620961
3.631196
2.478395
1.607736
15.086183
42.387652
7.925183
5.163699
2.143695
25.906936
38.077064
40.002036
43.389635
2.516541
2.396065
4.495798
4.678499
1.954056
58.324456
10.272812
2.317866
1.492261
1.184288
2.335644
2.356732
46.420498
1.61295
5.309383
5.016935
9.183829
3.958133
2.223484
7.771256
53.979275
8.354278
40.235705
5.050355
18.504229
17.265287
3.023364
1.77179
5.304211
5.138583
1.377966
5.275837
45.839098
1.384863
3.918167
57.822093
28.429198
1.224077
1.287045
3.89125
1.719495
21.681637
1.683757
1.712463
59.697297
62.047286
29.095724
53.953546
1.624812
39.936183
47.536832
4.335111
1.626231
59.462206
3.847828
2.037272
2.984086
6.049812
36.271925
2.503383
1.87272
53.918707
34.548721
20.613964
2.702798
36.069106
46.557191
1.941387
1.415832
22.679476
49.433178
2.675073
1.609647
7.889111
1.824049
1.285216
2.788142
1.755613
43.838283
2.731877
3.254048
60.891036
48.466276
1.932592
20.759151
6.442744
22.617768
22.249978
10.42378
1.587623
3.654316
49.841225
1.609901
1.814397
2.298825
3.597629
5.937947
1.69015
3.630512
57.971656
36.163751
53.894629
61.819429
60.165741
8.006399
1.388385
31.153731
23.113175
13.241878
6.614399
4.819874
2.835361
9.150729
4.558526
1.441495
1.402991
6.484903
2.546065
2.153049
2.520475
35.252698
1.369916
14.484664
1.753919
3.594336
5.066447
56.286608
3.716441
4.325357
1.672876
3.281342
1.373685
5.704961
32.350923
5.366407
5.98333
2.480067
14.396386
48.595988
6.562106
50.234229
1.439643
11.814385
32.153156
35.059666
8.851392
2.317378
3.817219
1.382243
4.768529
43.884938
4.056291
2.862968
33.374727
25.950306
2.964795
8.120761
17.969546
4.708975
2.399026
42.753748
1.572999
1.986798
4.770871
4.15658
2.3173
1.595881
21.98439
1.843235
2.383125
57.843704
17.391047
7.237771
59.759024
29.964746
8.426868
2.29804
56.676285
26.549213
33.74342
39.992521
1.737241
3.263707
42.184391
14.961829
5.29607
42.907685
59.752656
22.505869
2.837037
4.497031
57.915571
19.161804
39.113012
2.187466
1.715695
2.518139
1.979797
43.33581
3.378434
28.589211
3.838295
33.590416
3.351151
56.134462
3.169017
2.986501
34.874259
19.493744
3.894176
30.381599
1.414161
3.962548
2.062513
1.301982
3.746854
1.174742
12.624451
2.641367
8.667363
56.231183
1.875226
1.51771
21.202905
2.204429
2.755783
3.850909
3.817639
11.253058
1.44419
17.423203
1.52974
10.347511
3.187915
1.727569
33.93809
17.903468
5.033712
7.1264
1.684481
21.87126
50.125421
27.726117
9.050454
11.88875
1.694533
32.021764
4.278516
3.838276
4.208385
8.987814
1.341396
3.313011
32.769753
4.771964
5.384607
4.623861
8.454726
38.275139
1.57973
2.002441
3.578058
56.187212
12.849074
3.196747
3.758657
30.199473
15.241521
1.716424
13.520333
1.171659
58.922237
2.738649
37.421462
7.096149
35.409861
3.091758
2.7719
28.85642
55.33264
1.571171
1.901905
2.259774
2.554521
16.076572
45.668705
21.553898
1.594634
2.749975
4.315285
3.779613
1.429697
12.031058
2.340362
1.734303
23.924704
1.42702
6.071804
1.446874
1.505406
3.147374
3.489697
25.502943
7.148056
2.682844
44.244547
1.421792
48.96196
1.56258
1.387081
54.834647
2.683339
2.094945
5.97838
2.089467
1.695905
2.174473
2.266308
4.113905
24.588983
7.31062
2.79856
17.440027
2.440983
2.158868
59.798023
1.395582
3.730767
13.123867
4.169334
19.500478
4.873077
7.183855
4.328954
2.798511
38.517206
3.119706
2.151644
1.180088
1.246899
8.96944
1.404324
1.240189
3.198566
9.27449
4.798748
5.561996
6.348314
1.307658
3.12252
19.914687
1.181621
1.345164
42.972022
4.896993
1.824577
4.012765
2.26256
2.314581
6.221447
1.292491
10.308174
1.990006
1.428148
34.40292
25.526271
1.649914
6.267259
2.117255
1.310934
4.86356
54.829102
14.301452
2.435163
16.384328
3.142835
27.692421
28.966712
4.596554
2.79585
36.918036
48.571383
18.632822
23.487117
1.840901
2.374789
40.055722
1.96725
1.929606
2.696568
2.065161
3.84286
2.726985
29.614829
38.800502
36.009005
20.754183
56.714078
1.173781
50.901148
2.249803
1.365985
46.044811
2.07327
25.070737
3.463078
18.295205
17.384222
12.193126
1.247854
2.392609
30.123148
5.599194
3.039035
3.863907
15.178701
5.638565
8.012131
16.640121
5.178737
49.857395
3.374786
6.857185
8.026268
2.235416
6.560953
22.042516
1.391516
3.701081
3.158723
1.930401
2.275566
2.644885
6868
52.765368
49.002539
1.28326
1.547673
41.4028
4.70753
4.163294
6.608002