
51	3.8702259548	0	0.0003996531
50	3.8712257548	0	0.0003997499
49	3.8702259548	0	0.0003996531
48	3.8702259548	0	0.0003996531
47	3.8702259548	0	0.0003996531
46	3.8712257548	0	0.0003997499
45	3.8712257548	0	0.0003997499
44	3.8712257548	0	0.0003997499
43	3.8702259548	0	0.0003996531
42	3.8702259548	0	0.0003996531
41	3.8712257548	0	0.0003997499
40	3.8712257548	0	0.0003997499
39	3.8712257548	0	0.0003997499
38	3.8712257548	0	0.0003997499
37	3.8722255549	0	0.0003998467
36	3.8722255549	0	0.0003998467
35	3.8722255549	0	0.0003998467
34	3.8722255549	0	0.0003998467
33	3.8722255549	0	0.0003998467
32	3.8722255549	0	0.0003998467
31	3.8722255549	0	0.0003998467
30	3.8722255549	0	0.0003998467
29	3.8732253549	0	0.0003999434
28	3.8732253549	0	0.0003999434
27	3.8732253549	0	0.0003999434
26	3.8732253549	0	0.0003999434
25	3.8732253549	0	0.0003999434
24	3.874225155	0	0.0004000402
23	3.874225155	0	0.0004000402
22	3.874225155	0	0.0004000402
21	3.874225155	0	0.0004000402
20	3.875224955	0	0.000400137
19	3.875224955	0	0.000400137
18	3.875224955	0	0.000400137
17	3.876224755	0	0.0004002338
16	3.8772245551	0	0.0004003306
15	3.8772245551	0	0.0004003306
14	3.8792241552	0	0.0004005242
13	3.8802239552	0	0.000400621
12	3.8822235553	0	0.0004008146
11	3.8832233553	0	0.0004009114
10	3.8852229554	0	0.000401105
9	3.8892221556	0	0.0004014922
8	3.8922215557	0	0.0004017827
7	3.899220156	0	0.0004024604
6	3.9042191562	0	0.0004029446
5	3.9142171566	0	0.000403913
4	3.9232153569	0	0.0004047847
3	3.9362127574	0	0.000406044
2	3.9412117576	0	0.0004065285
1	3.9522095581	0	0.0004075943
-6.22E-015	3.9562087582	0	0.000407982
-1	3.9572085583	0	0.0004080789
-2	3.9542091582	0	0.0004077882
-3	3.9422115577	0	0.0004066254
-4	3.9322135573	0	0.0004056565
-5	3.9212157568	0	0.000404591
-6	3.9082183563	0	0.0004033319
-7	3.901219756	0	0.0004026541
-8	3.8932213557	0	0.0004018795
-9	3.8892221556	0	0.0004014922
-10	3.8842231554	0	0.0004010082
-11	3.8822235553	0	0.0004008146
-12	3.8802239552	0	0.000400621
-13	3.8792241552	0	0.0004005242
-14	3.8772245551	0	0.0004003306
-15	3.876224755	0	0.0004002338
-16	3.875224955	0	0.000400137
-17	3.875224955	0	0.000400137
-18	3.874225155	0	0.0004000402
-19	3.874225155	0	0.0004000402
-20	3.8732253549	0	0.0003999434
-21	3.8732253549	0	0.0003999434
-22	3.8722255549	0	0.0003998467
-23	3.8722255549	0	0.0003998467
-24	3.8722255549	0	0.0003998467
-25	3.8722255549	0	0.0003998467
-26	3.8712257548	0	0.0003997499
-27	3.8712257548	0	0.0003997499
-28	3.8712257548	0	0.0003997499
-29	3.8712257548	0	0.0003997499
-30	3.8712257548	0	0.0003997499
-31	3.8712257548	0	0.0003997499
-32	3.8712257548	0	0.0003997499
-33	3.8712257548	0	0.0003997499
-34	3.8702259548	0	0.0003996531
-35	3.8702259548	0	0.0003996531
-36	3.8702259548	0	0.0003996531
-37	3.8702259548	0	0.0003996531
-38	3.8702259548	0	0.0003996531
-39	3.8702259548	0	0.0003996531
-40	3.8702259548	0	0.0003996531
-41	3.8702259548	0	0.0003996531
-42	3.8702259548	0	0.0003996531
-43	3.8702259548	0	0.0003996531
-44	3.8702259548	0	0.0003996531
-45	3.8702259548	0	0.0003996531
-46	3.8702259548	0	0.0003996531
-47	3.8702259548	0	0.0003996531
-48	3.8702259548	0	0.0003996531
-49	3.8702259548	0	0.0003996531
-50	3.8692261548	0	0.0003995563

