1 1462791080 158054 0 1036.32 6870.21 1.6384e+07
2 1462791223 966972 142.191 1036.29 21807.2 1.6384e+07
3 1462791226 141618 2.17465 1036.26 58419.6 1.6384e+07
4 1462791226 737844 0.596226 1036.27 11618.8 1.6384e+07
5 1462791229 319243 2.5814 1036.29 32304.5 1.6384e+07
6 1462791230 732439 0.586804 1036.25 8486.93 1.6384e+07
7 1462791232 892039 1.8404 1036.35 6234.98 1.6384e+07
8 1462791234 490493 1.59845 1036.16 18561.9 1.6384e+07
9 1462791235 469804 0.979311 1036.19 61644.1 1.6384e+07
10 1462791237 602840 1.86696 1036.32 52345.8 1.6384e+07
11 1462791237 886448 0.283608 1036.18 7799.11 1.6384e+07
12 1462791238 870107 0.983659 1036.22 25673.6 1.6384e+07
13 1462791241 809542 2.93944 1036.18 8768.81 1.6384e+07
14 1462791242 507338 0.697796 1036.31 58721.6 1.6384e+07
15 1462791244 538154 1.96918 1036.28 15991 1.6384e+07
16 1462791245 11088 0.472934 1036.31 12798.5 1.6384e+07
17 1462791249 149077 3.86201 1036.16 29731 1.6384e+07
18 1462791249 724023 0.574946 1036.41 61073.6 1.6384e+07
19 1462791251 241733 1.51771 1036.31 18103 1.6384e+07
20 1462791251 564253 0.32252 1036.31 9261.76 1.6384e+07
21 1462791255 300422 3.73617 1036.24 36078.3 1.6384e+07
22 1462791255 846456 0.546034 1036.28 19982.4 1.6384e+07
23 1462791257 66620 1.22016 1036.09 22663 1.6384e+07
24 1462791257 428476 0.361856 1036.19 42701.5 1.6384e+07
25 1462791264 493275 6.9352 1036.24 47008.3 1.6384e+07
26 1462791265 637449 0.855826 1036.38 8678.59 1.6384e+07
27 1462791269 818185 3.81926 1036.1 61472.8 1.6384e+07
28 1462791271 411548 1.59336 1036.4 33296.8 1.6384e+07
29 1462791271 552179 0.140631 1036.31 2902.81 1.6384e+07
30 1462791273 448067 1.89589 1036.24 40471.5 1.6384e+07
31 1462791278 346971 4.8989 1036.21 44769.4 1.6384e+07
32 1462791278 718183 0.371212 1036.26 38484.4 1.6384e+07
33 1462791279 937187 0.780996 1036.25 19805.3 1.6384e+07
34 1462791280 390551 0.453364 1036.29 7542.26 1.6384e+07
35 1462791285 92893 4.70234 1036.29 62992.7 1.6384e+07
36 1462791287 26981 1.93409 1036.4 23097.9 1.6384e+07
37 1462791287 328714 0.301733 1036.35 57612.8 1.6384e+07
38 1462791288 716450 0.612264 1036.23 8335.4 1.6384e+07
39 1462791290 306270 1.58982 1036.2 34967.5 1.6384e+07
40 1462791292 644396 1.66187 1036.3 53444.7 1.6384e+07
41 1462791295 393804 2.74941 1036.31 50672.7 1.6384e+07
42 1462791297 803476 1.59033 1036.22 10977.4 1.6384e+07
43 1462791298 378516 0.57504 1036.31 3658.13 1.6384e+07
44 1462791299 152631 0.774115 1036.28 36179.7 1.6384e+07
45 1462791300 756940 0.395691 1036.18 3023.04 1.6384e+07
46 1462791301 26459 0.269519 1036.29 46924.9 1.6384e+07
47 1462791301 59243 0.032784 1036.2 53216.9 1.6384e+07
48 1462791303 65035 1.99421 1036.25 3603.69 1.6384e+07
49 1462791306 199840 2.86519 1036.39 48401.2 1.6384e+07
50 1462791307 866237 0.333603 1036.31 62291.7 1.6384e+07
51 1462791308 764013 0.897776 1036.32 56819.7 1.6384e+07
52 1462791309 798009 0.966004 1036.25 10834.1 1.6384e+07
53 1462791311 726363 1.92835 1036.4 57987.9 1.6384e+07
54 1462791312 119358 0.392995 1036.35 29096.2 1.6384e+07
55 1462791312 949438 0.83008 1036.39 47403.2 1.6384e+07
56 1462791313 908132 0.958694 1036.32 19437.9 1.6384e+07
57 1462791315 78801 1.17067 1036.14 3655.2 1.6384e+07
58 1462791315 873463 0.794662 1036.19 13480.3 1.6384e+07
59 1462791315 895614 0.022151 1036.21 21231.2 1.6384e+07
60 1462791317 533012 1.6374 1036.23 44203.8 1.6384e+07
61 1462791318 184505 0.651493 1036.28 47184.3 1.6384e+07
62 1462791319 870705 0.3138 1036.19 20335.9 1.6384e+07
63 1462791324 410085 4.53938 1036.3 56388.9 1.6384e+07
64 1462791324 923179 0.513094 1036.39 27262.7 1.6384e+07
65 1462791325 470776 0.547597 1036.18 15050 1.6384e+07
66 1462791325 498794 0.028018 1036.32 16300.4 1.6384e+07
67 1462791326 640982 0.857812 1036.31 50836.6 1.6384e+07
68 1462791328 398713 1.75773 1036.09 38227.7 1.6384e+07
69 1462791328 498430 0.099717 1036.07 62628 1.6384e+07
70 1462791333 194596 4.69617 1036.28 46654.8 1.6384e+07
71 1462791335 349694 1.8449 1036.31 16588.7 1.6384e+07
72 1462791336 759900 0.589794 1036.25 53532 1.6384e+07
73 1462791339 720927 2.96103 1036.35 2546.7 1.6384e+07
74 1462791340 483697 0.76277 1036.38 5733.92 1.6384e+07
75 1462791347 35589 6.55189 1036.29 5653.02 1.6384e+07
76 1462791354 720422 6.31517 1036.42 16815.9 1.6384e+07
77 1462791354 845801 0.125379 1036.39 49307.3 1.6384e+07
78 1462791361 740396 6.89459 1036.22 61281.1 1.6384e+07
79 1462791364 485965 2.74557 1036.57 3629.72 1.6384e+07
80 1462791380 992729 15.4932 1036.31 3951.48 1.6384e+07
81 1462791394 74830 13.0821 1036.29 55796.7 1.6384e+07
82 1462791395 200959 0.873871 1036.38 38290.3 1.6384e+07
83 1462791399 249467 3.95149 1036.27 53343 1.6384e+07
84 1462791400 167033 0.917566 1036.16 9320.75 1.6384e+07
85 1462791401 97500 0.930467 1036.23 3437.1 1.6384e+07
86 1462791403 172294 1.92521 1036.39 19435.3 1.6384e+07
87 1462791405 1449 1.82916 1036.29 59160.7 1.6384e+07
88 1462791407 273631 1.72782 1036.16 60565.3 1.6384e+07
89 1462791409 208901 1.93527 1036.34 33302.9 1.6384e+07
90 1462791417 889772 7.31913 1036.34 33565.8 1.6384e+07
91 1462791418 94812 0.20504 1036.44 47288.7 1.6384e+07
92 1462791421 603570 2.49124 1036.38 41727.7 1.6384e+07
93 1462791422 85684 0.482114 1036.2 20870.9 1.6384e+07
94 1462791426 668252 3.41743 1036.45 52932.9 1.6384e+07
95 1462791426 693743 0.025491 1036.36 23584.7 1.6384e+07
96 1462791428 100032 1.40629 1036.42 44401 1.6384e+07
97 1462791428 256318 0.156286 1036.23 18395.2 1.6384e+07
98 1462791429 547452 0.708866 1036.39 46196.2 1.6384e+07
99 1462791431 124588 1.57714 1036.19 15791.1 1.6384e+07
100 1462791431 344505 0.219917 1036.34 21259 1.6384e+07
101 1462791431 584721 0.240216 1036.38 62434 1.6384e+07
102 1462791431 784296 0.199575 1036.35 49615.2 1.6384e+07
103 1462791440 915610 8.86869 1036.26 2491.94 1.6384e+07
104 1462791442 609921 1.69431 1036.42 32366.8 1.6384e+07
105 1462791442 897616 0.287695 1036.48 12585.2 1.6384e+07
106 1462791445 424746 2.52713 1036.35 6273.86 1.6384e+07
107 1462791451 56017 5.63127 1036.28 33103.5 1.6384e+07
108 1462791455 463836 3.59218 1036.27 49641 1.6384e+07
109 1462791456 332382 0.868546 1036.29 8064.91 1.6384e+07
110 1462791460 80111 3.74773 1036.31 8871.39 1.6384e+07
111 1462791464 453179 3.62693 1036.42 27052.8 1.6384e+07
112 1462791465 157283 0.704104 1036.26 44045.5 1.6384e+07
113 1462791465 798848 0.641565 1036.32 38547.8 1.6384e+07
114 1462791466 136957 0.338109 1036.42 30917.2 1.6384e+07
115 1462791466 955373 0.818416 1035.96 5274.35 1.6384e+07
116 1462791466 972068 0.016695 1036.25 10149.1 1.6384e+07
117 1462791467 171790 0.199722 1036.29 59602.7 1.6384e+07
118 1462791471 719039 3.45275 1036.42 20278.9 1.6384e+07
119 1462791472 244166 0.525127 1035.13 8994.82 1.6384e+07
120 1462791472 366338 0.122172 1036.19 42712.6 1.6384e+07
121 1462791472 610426 0.244088 1036.16 3470.01 1.6384e+07
122 1462791473 183894 0.573468 1036.34 33947.3 1.6384e+07
123 1462791478 138515 4.95462 1036.27 8968.79 1.6384e+07
124 1462791478 368460 0.229945 1036.35 62264.3 1.6384e+07
125 1462791480 926048 1.44241 1036.35 61281.8 1.6384e+07
126 1462791481 426698 0.50065 1036.36 58062 1.6384e+07
127 1462791481 612233 0.185535 1036.27 58538.2 1.6384e+07
128 1462791485 633788 3.97844 1036.29 30557.3 1.6384e+07
129 1462791485 872749 0.238961 1036.4 58252.5 1.6384e+07
130 1462791486 641339 0.76859 1036.4 56481.7 1.6384e+07
131 1462791491 964660 4.67668 1036.39 2914.89 1.6384e+07
132 1462791494 353470 2.38881 1036.31 18121.7 1.6384e+07
133 1462791495 759405 0.594065 1036.28 34549.4 1.6384e+07
134 1462791496 456017 0.696612 1036.25 13990.8 1.6384e+07
135 1462791498 468958 1.98706 1036.29 51152.8 1.6384e+07
136 1462791498 866566 0.397608 1036.29 42935.9 1.6384e+07
137 1462791498 998118 0.131552 1036.44 36982 1.6384e+07
138 1462791499 268256 0.270138 1036.42 33402.3 1.6384e+07
139 1462791499 912829 0.644573 1036.35 15962.2 1.6384e+07
140 1462791502 608233 2.6954 1036.4 55250.7 1.6384e+07
141 1462791503 633334 0.974899 1036.4 34995.1 1.6384e+07
142 1462791513 755289 9.87805 1036.25 37741.4 1.6384e+07
143 1462791515 21438 1.26615 1036.24 55409.4 1.6384e+07
144 1462791517 779997 1.24144 1036.35 2802.92 1.6384e+07
145 1462791518 979643 0.800354 1036.35 8839.28 1.6384e+07
146 1462791519 645923 0.66628 1036.42 25736.9 1.6384e+07
147 1462791530 70671 10.4247 1036.33 19647.4 1.6384e+07
148 1462791532 978153 1.09252 1036.35 27259.1 1.6384e+07
149 1462791533 969574 0.991421 1036.54 13303.4 1.6384e+07
150 1462791537 436606 3.46703 1036.33 56339.6 1.6384e+07
151 1462791545 315961 7.87936 1036.48 24975.9 1.6384e+07
152 1462791546 420256 0.895705 1036.41 33542.2 1.6384e+07
153 1462791548 303230 1.88297 1036.24 10406.3 1.6384e+07
154 1462791549 455056 0.848174 1036.34 57033.6 1.6384e+07
155 1462791549 530450 0.075394 1036.48 19921.4 1.6384e+07
156 1462791550 314124 0.783674 1036.35 34071.6 1.6384e+07
157 1462791550 970151 0.656027 1036.51 11633.6 1.6384e+07
158 1462791557 970310 6.99984 1036.39 15282.9 1.6384e+07
159 1462791571 191628 13.2213 1036.53 7164.88 1.6384e+07
160 1462791578 688733 6.50289 1036.47 21577.3 1.6384e+07
161 1462791591 498376 12.8096 1036.39 3344.66 1.6384e+07
162 1462791598 951760 6.54662 1036.33 45010.4 1.6384e+07
163 1462791604 398081 5.44632 1036.54 50459 1.6384e+07
164 1462791605 76747 0.678666 1036.41 38792.2 1.6384e+07
165 1462791606 652630 0.424117 1036.35 41929.7 1.6384e+07
166 1462791607 14192 0.361562 1036.3 7349.49 1.6384e+07
167 1462791610 198159 2.81603 1036.36 6184.94 1.6384e+07
168 1462791612 219778 1.97838 1036.35 40528.2 1.6384e+07
169 1462791615 764293 2.45548 1036.47 28544.1 1.6384e+07
170 1462791616 570368 0.806075 1036.4 38430.4 1.6384e+07
171 1462791617 386975 0.816607 1036.42 24589.8 1.6384e+07
172 1462791617 425186 0.038211 1036.41 15647.8 1.6384e+07
173 1462791619 765600 1.65959 1036.45 29931.2 1.6384e+07
174 1462791619 809137 0.043537 1036.35 17555.6 1.6384e+07
175 1462791634 602317 14.7932 1036.49 3490.75 1.6384e+07
176 1462791637 949530 2.65279 1036.45 57115.9 1.6384e+07
177 1462791639 204763 1.25523 1036.41 12622 1.6384e+07
178 1462791648 912520 8.29224 1037.58 44374.7 1.6384e+07
179 1462791650 436783 1.52426 1036.35 8824.38 1.6384e+07
180 1462791651 28182 0.591399 1036.36 27343.5 1.6384e+07
181 1462791653 679974 1.34821 1036.26 57652.3 1.6384e+07
182 1462791657 92801 3.41283 1036.41 13901.5 1.6384e+07
183 1462791658 649573 0.443228 1036.41 52018.2 1.6384e+07
184 1462791662 29638 3.38007 1036.42 23027.4 1.6384e+07
185 1462791663 419368 0.61027 1036.35 38720.3 1.6384e+07
186 1462791664 406637 0.987269 1036.38 7587.54 1.6384e+07
187 1462791664 587106 0.180469 1036.42 53268.8 1.6384e+07
188 1462791665 238627 0.651521 1036.58 34667.7 1.6384e+07
189 1462791665 548804 0.310177 1036.34 3479.61 1.6384e+07
190 1462791668 642699 2.90611 1036.38 3957.46 1.6384e+07
191 1462791669 131745 0.489046 1036.42 51418.6 1.6384e+07
192 1462791670 247629 0.884116 1036.45 4522.67 1.6384e+07
193 1462791670 328235 0.080606 1036.42 52148.2 1.6384e+07
194 1462791670 358403 0.030168 1036.55 37861 1.6384e+07
195 1462791679 680437 8.67797 1036.54 63360.9 1.6384e+07
196 1462791680 877626 0.802811 1036.51 52175.6 1.6384e+07
197 1462791682 946309 1.93132 1036.4 28030.6 1.6384e+07
198 1462791683 170754 0.224445 1036.34 3913.4 1.6384e+07
199 1462791686 610385 2.56037 1036.58 4409.29 1.6384e+07
200 1462791686 683732 0.073347 1036.34 8998.74 1.6384e+07
201 1462791687 14232 0.3305 1036.42 35238.9 1.6384e+07
202 1462791687 408567 0.394335 1036.25 58424 1.6384e+07
203 1462791693 709680 5.69889 1036.35 36607.4 1.6384e+07
204 1462791694 382382 0.672702 1036.4 13255.3 1.6384e+07
205 1462791695 423158 0.959224 1036.36 30929 1.6384e+07
206 1462791700 991108 4.43205 1036.43 37054.8 1.6384e+07
207 1462791701 277723 0.286615 1036.55 35968.3 1.6384e+07
208 1462791711 401435 9.87629 1036.58 8433.52 1.6384e+07
209 1462791712 407774 0.993661 1036.45 3694.11 1.6384e+07
210 1462791713 395250 0.987476 1036.49 5985.32 1.6384e+07
211 1462791714 192599 0.797349 1036.51 24386.4 1.6384e+07
212 1462791716 603831 1.58877 1037.58 52311.3 1.6384e+07
213 1462791717 820033 0.783798 1036.45 7844.52 1.6384e+07
214 1462791719 985232 1.8348 1036.41 33417 1.6384e+07
215 1462791722 33295 2.04806 1036.62 46952.1 1.6384e+07
216 1462791723 41539 0.991756 1036.45 9563.83 1.6384e+07
217 1462791725 371451 1.67009 1036.49 44376.1 1.6384e+07
218 1462791725 533516 0.162065 1036.42 36685 1.6384e+07
219 1462791727 307 1.46679 1036.51 40955.2 1.6384e+07
220 1462791727 128677 0.12837 1036.36 58517.7 1.6384e+07
221 1462791727 427077 0.2984 1036.36 19747.7 1.6384e+07
222 1462791731 732549 3.69453 1036.3 19934.2 1.6384e+07
223 1462791733 59705 1.32716 1036.38 45516.8 1.6384e+07
224 1462791734 624148 0.435557 1036.32 41722.7 1.6384e+07
225 1462791735 69596 0.445448 1036.45 62224.4 1.6384e+07
226 1462791736 350051 0.719545 1036.56 42483.4 1.6384e+07
227 1462791737 939151 0.4109 1036.27 23340.4 1.6384e+07
228 1462791740 986084 2.95307 1036.54 41818.1 1.6384e+07
229 1462791741 479477 0.493393 1036.6 34202.3 1.6384e+07
230 1462791741 639430 0.159953 1036.47 22025.4 1.6384e+07
231 1462791749 86234 7.4468 1036.45 29107.4 1.6384e+07
232 1462791752 456329 2.6299 1036.6 10835.9 1.6384e+07
233 1462791758 624851 5.83148 1036.49 4791.67 1.6384e+07
234 1462791759 209864 0.585013 1036.37 3863.24 1.6384e+07
235 1462791760 756497 0.453367 1036.51 46299.2 1.6384e+07
236 1462791761 473524 0.717027 1036.44 35915.5 1.6384e+07
237 1462791762 663684 0.80984 1036.43 50801.4 1.6384e+07
238 1462791763 23110 0.359426 1036.48 58880.2 1.6384e+07
239 1462791766 18628 2.99552 1036.5 57390.1 1.6384e+07
240 1462791772 420253 5.59837 1036.42 53805.8 1.6384e+07
241 1462791776 12658 3.5924 1036.51 19229 1.6384e+07
242 1462791777 187052 0.825606 1036.47 51552.1 1.6384e+07
243 1462791779 239302 1.94775 1036.45 58547.3 1.6384e+07
244 1462791780 465129 0.774173 1036.48 47005.3 1.6384e+07
245 1462791787 557399 6.90773 1036.49 36360.5 1.6384e+07
246 1462791787 912439 0.35504 1036.56 22860.3 1.6384e+07
247 1462791790 214986 2.30255 1036.48 37760.7 1.6384e+07
248 1462791795 349078 4.86591 1036.51 25097.6 1.6384e+07
249 1462791797 320604 1.97153 1036.49 52716.9 1.6384e+07
250 1462791800 939968 2.38064 1036.54 17436.5 1.6384e+07
251 1462791804 728225 3.78826 1036.39 18196.9 1.6384e+07
252 1462791806 756661 1.97156 1036.45 33566.7 1.6384e+07
253 1462791809 141061 2.3844 1036.51 36822.6 1.6384e+07
254 1462791816 583084 6.55798 1036.49 58827.1 1.6384e+07
255 1462791817 535475 0.952391 1036.54 5122.22 1.6384e+07
256 1462791821 671112 3.86436 1036.54 32079.9 1.6384e+07
257 1462791823 350175 1.67906 1036.64 14967.1 1.6384e+07
258 1462791825 332446 1.98227 1036.58 40913.3 1.6384e+07
259 1462791828 130711 2.79826 1036.28 34444.4 1.6384e+07
260 1462791828 794464 0.663753 1036.38 6821.85 1.6384e+07
261 1462791832 911704 3.88276 1036.35 3640.62 1.6384e+07
262 1462791833 691790 0.780086 1036.55 32802.4 1.6384e+07
263 1462791835 982175 1.70961 1036.43 27897.1 1.6384e+07
264 1462791838 197280 2.2151 1036.47 23547.4 1.6384e+07
265 1462791839 908152 0.289128 1036.42 47563 1.6384e+07
266 1462791841 733376 1.82522 1036.36 57383.8 1.6384e+07
267 1462791852 35123 10.3017 1036.58 60593.4 1.6384e+07
268 1462791855 802865 2.23226 1036.45 10648.5 1.6384e+07
269 1462791861 155199 5.35233 1036.48 11773.4 1.6384e+07
270 1462791861 967780 0.812581 1036.32 11624.3 1.6384e+07
271 1462791862 169796 0.202016 1036.48 33245 1.6384e+07
272 1462791864 774067 1.39573 1036.42 15103.2 1.6384e+07
273 1462791865 716551 0.942484 1036.58 5329.95 1.6384e+07
274 1462791869 401101 3.68455 1036.35 47549.6 1.6384e+07
275 1462791870 208884 0.807783 1036.41 53365.4 1.6384e+07
276 1462791870 564218 0.355334 1036.52 53790.9 1.6384e+07
277 1462791871 379555 0.815337 1036.4 53486.5 1.6384e+07
278 1462791873 152574 1.77302 1036.37 31127.8 1.6384e+07
279 1462791874 111040 0.958466 1036.53 23136.4 1.6384e+07
280 1462791874 838884 0.727844 1036.32 54167.5 1.6384e+07
281 1462791876 149170 1.31029 1036.55 32532.7 1.6384e+07
282 1462791877 121374 0.972204 1036.48 33030.9 1.6384e+07
283 1462791877 947600 0.826226 1036.48 25455.2 1.6384e+07
284 1462791880 953794 2.99381 1036.39 13394.1 1.6384e+07
285 1462791883 549063 2.59527 1036.48 56154.4 1.6384e+07
286 1462791890 309814 6.76075 1036.46 38137.2 1.6384e+07
287 1462791890 596872 0.287058 1036.48 22300 1.6384e+07
288 1462791890 741598 0.144726 1036.45 6343.49 1.6384e+07
289 1462791891 276274 0.534676 1036.26 61874.8 1.6384e+07
290 1462791906 271613 14.9953 1036.48 63167.5 1.6384e+07
291 1462791906 945393 0.67378 1036.48 24057.2 1.6384e+07
292 1462791909 571208 2.62582 1036.58 58541.4 1.6384e+07
293 1462791910 710822 0.860386 1036.48 25983.8 1.6384e+07
294 1462791912 251327 1.54051 1036.41 37068.6 1.6384e+07
295 1462791918 511842 5.73949 1036.58 4867 1.6384e+07
296 1462791921 90760 2.57892 1036.58 44463.9 1.6384e+07
297 1462791922 238310 0.85245 1036.6 39408.3 1.6384e+07
298 1462791924 706144 1.53217 1036.41 3161.11 1.6384e+07
299 1462791926 297621 1.59148 1036.49 17749.2 1.6384e+07
300 1462791927 294043 0.996422 1036.49 62661.2 1.6384e+07
301 1462791933 191693 5.89765 1036.29 5846.92 1.6384e+07
302 1462791935 662446 1.52925 1036.56 46614.9 1.6384e+07
303 1462791935 758654 0.096208 1036.56 4639.53 1.6384e+07
304 1462791942 714687 6.95603 1036.31 47283 1.6384e+07
305 1462791942 964097 0.24941 1036.45 55507.3 1.6384e+07
306 1462791943 41818 0.077721 1036.56 39924.5 1.6384e+07
307 1462791945 18462 1.97664 1036.58 20949.1 1.6384e+07
308 1462791945 49150 0.030688 1036.45 6190.68 1.6384e+07
309 1462791947 262863 1.78629 1036.51 49450.4 1.6384e+07
310 1462791950 314472 2.94839 1036.61 4825.16 1.6384e+07
311 1462791954 684248 3.63022 1036.54 42406.4 1.6384e+07
312 1462791955 862426 0.821822 1036.56 44131.5 1.6384e+07
313 1462791958 702582 2.84016 1036.56 10311.6 1.6384e+07
314 1462791960 912047 1.79053 1036.42 62426.2 1.6384e+07
315 1462791962 526248 1.6142 1036.49 25789.7 1.6384e+07
316 1462791967 51771 4.52552 1036.54 28371.8 1.6384e+07
317 1462791967 383929 0.332158 1036.6 32556.4 1.6384e+07
318 1462791969 681268 1.70266 1036.54 8488.01 1.6384e+07
319 1462791969 910117 0.228849 1036.56 46753.7 1.6384e+07
320 1462791969 960870 0.050753 1036.49 24768.3 1.6384e+07
321 1462791972 103953 2.14308 1036.41 16418.5 1.6384e+07
322 1462791972 190117 0.086164 1036.41 31019.2 1.6384e+07
323 1462791972 447727 0.25761 1036.58 40202.4 1.6384e+07
324 1462791974 221235 1.77351 1036.43 27210.3 1.6384e+07
325 1462791977 297452 2.92378 1036.58 61010.8 1.6384e+07
326 1462791980 90827 2.79338 1036.54 14073.5 1.6384e+07
327 1462791981 609661 0.481166 1036.45 46582.4 1.6384e+07
328 1462791986 484895 4.87523 1036.47 37598.3 1.6384e+07
329 1462791988 55438 1.57054 1036.55 54113.9 1.6384e+07
330 1462791993 970170 4.08527 1036.49 32863 1.6384e+07
331 1462792001 59572 7.0894 1036.64 3487.41 1.6384e+07
332 1462792002 754029 0.305543 1036.42 20392.5 1.6384e+07
333 1462792003 443837 0.689808 1036.51 38439.6 1.6384e+07
334 1462792005 520431 1.92341 1036.34 23340.8 1.6384e+07
335 1462792025 703554 19.8169 1036.58 46243.7 1.6384e+07
336 1462792026 345722 0.642168 1036.63 58404.4 1.6384e+07
337 1462792029 126658 2.78094 1036.59 43123.8 1.6384e+07
338 1462792031 842604 1.28405 1036.59 20878.1 1.6384e+07
339 1462792032 554647 0.712043 1036.64 16592.1 1.6384e+07
340 1462792033 98814 0.544167 1036.5 26630.2 1.6384e+07
341 1462792035 521875 1.57694 1036.62 3600.89 1.6384e+07
342 1462792036 197202 0.675327 1036.53 32154.1 1.6384e+07
343 1462792039 475711 2.72149 1036.41 33300.7 1.6384e+07
344 1462792041 799746 1.67597 1036.45 38784.2 1.6384e+07
345 1462792041 922263 0.122517 1036.52 22044.3 1.6384e+07
346 1462792048 166020 6.24376 1036.5 11302.4 1.6384e+07
347 1462792053 976038 4.18998 1036.53 14202.1 1.6384e+07
348 1462792054 138713 0.162675 1036.54 47815.6 1.6384e+07
349 1462792054 508402 0.369689 1036.54 37035.2 1.6384e+07
350 1462792058 899803 3.6086 1036.51 4019.82 1.6384e+07
351 1462792061 122974 2.22317 1036.43 11855.7 1.6384e+07
352 1462792065 590810 3.53216 1036.29 43090.9 1.6384e+07
353 1462792066 147762 0.556952 1036.39 54743.9 1.6384e+07
354 1462792070 16950 3.86919 1036.57 2527.85 1.6384e+07
355 1462792070 382411 0.365461 1036.59 10774.6 1.6384e+07
356 1462792071 103189 0.720778 1036.53 19665.1 1.6384e+07
357 1462792072 274616 0.828573 1036.64 30176.4 1.6384e+07
358 1462792081 400435 8.87418 1036.38 29855.3 1.6384e+07
359 1462792086 88634 4.6882 1036.54 30115 1.6384e+07
360 1462792086 543809 0.455175 1036.67 15388 1.6384e+07
361 1462792087 363843 0.820034 1036.46 45286.9 1.6384e+07
362 1462792087 614072 0.250229 1036.54 7262.54 1.6384e+07
363 1462792091 94189 3.48012 1036.65 15320.8 1.6384e+07
364 1462792093 581198 1.51299 1036.54 25762.9 1.6384e+07
365 1462792093 681143 0.099945 1036.65 46272.6 1.6384e+07
366 1462792094 86623 0.40548 1036.67 30805 1.6384e+07
367 1462792095 690097 0.396526 1036.63 17902.4 1.6384e+07
368 1462792095 823072 0.132975 1036.59 12516.1 1.6384e+07
369 1462792096 619744 0.796672 1036.56 11730.2 1.6384e+07
370 1462792097 846403 0.773341 1036.56 10462.3 1.6384e+07
371 1462792104 94361 6.24796 1036.56 19774.5 1.6384e+07
372 1462792105 367875 0.726486 1036.54 63045.9 1.6384e+07
373 1462792106 522373 0.845502 1036.51 12420.6 1.6384e+07
374 1462792107 109740 0.587367 1037.49 28108.1 1.6384e+07
375 1462792107 444091 0.334351 1036.35 59193.8 1.6384e+07
376 1462792108 472765 0.971326 1037.46 4952.41 1.6384e+07
377 1462792108 747726 0.274961 1036.55 9320.02 1.6384e+07
378 1462792109 413388 0.665662 1036.5 22929.8 1.6384e+07
379 1462792113 887001 3.52639 1036.63 63001 1.6384e+07
380 1462792125 297540 11.4105 1036.5 36416.5 1.6384e+07
381 1462792126 766445 0.531095 1036.51 7689.9 1.6384e+07
382 1462792129 835044 2.9314 1036.45 3699.2 1.6384e+07
383 1462792131 522910 1.68787 1036.55 19566.6 1.6384e+07
384 1462792135 25354 3.50244 1036.54 2477.93 1.6384e+07
385 1462792136 498297 0.527057 1036.54 12664.4 1.6384e+07
386 1462792137 933445 0.564852 1036.47 7932.74 1.6384e+07
387 1462792138 312943 0.379498 1036.56 14242.8 1.6384e+07
388 1462792138 343146 0.030203 1036.59 22633.5 1.6384e+07
389 1462792138 937777 0.594631 1036.71 20959.1 1.6384e+07
390 1462792140 658231 1.72045 1036.72 11305.2 1.6384e+07
391 1462792145 188990 4.53076 1036.55 6850.46 1.6384e+07
392 1462792146 607279 0.581711 1036.56 26239.2 1.6384e+07
393 1462792149 82582 2.4753 1036.65 35418.8 1.6384e+07
394 1462792152 89441 2.99314 1036.52 18595.1 1.6384e+07
395 1462792154 72837 1.9834 1036.58 38600.7 1.6384e+07
396 1462792159 224878 4.84796 1036.61 23439.2 1.6384e+07
397 1462792163 250470 3.97441 1036.59 36594.7 1.6384e+07
398 1462792166 450869 2.7996 1036.64 54646.4 1.6384e+07
399 1462792166 633424 0.182555 1036.63 49679.9 1.6384e+07
400 1462792170 419746 3.78632 1036.33 14873.2 1.6384e+07
401 1462792171 218620 0.798874 1036.43 28311.8 1.6384e+07
402 1462792171 504787 0.286167 1036.52 43824.3 1.6384e+07
403 1462792172 889584 0.615203 1036.54 63688.9 1.6384e+07
404 1462792175 717232 2.82765 1036.74 3195.34 1.6384e+07
405 1462792175 808570 0.091338 1036.67 21593.5 1.6384e+07
406 1462792176 533493 0.724923 1036.67 40061.4 1.6384e+07
407 1462792177 449273 0.91578 1036.56 20799.9 1.6384e+07
408 1462792179 731061 1.71821 1036.57 54667.7 1.6384e+07
409 1462792180 633791 0.90273 1036.52 29590.9 1.6384e+07
410 1462792183 131901 2.49811 1036.45 54893.2 1.6384e+07
411 1462792184 801433 0.330468 1035.23 15042.1 1.6384e+07
412 1462792185 655860 0.854427 1036.83 61085.1 1.6384e+07
413 1462792187 265134 1.60927 1036.56 51509.2 1.6384e+07
414 1462792188 677501 0.587633 1036.64 7607.05 1.6384e+07
415 1462792189 66696 0.389195 1036.59 40391.7 1.6384e+07
416 1462792190 579826 0.48687 1036.58 55691.6 1.6384e+07
417 1462792192 864347 1.71548 1036.54 38901.4 1.6384e+07
418 1462792194 535662 1.67131 1036.56 5122.28 1.6384e+07
419 1462792194 567905 0.032243 1036.61 46301.1 1.6384e+07
420 1462792195 628401 0.939504 1036.37 40889.2 1.6384e+07
421 1462792198 731268 2.89713 1036.74 16763.7 1.6384e+07
422 1462792198 818267 0.086999 1036.52 4926.69 1.6384e+07
423 1462792199 940932 0.877335 1036.56 4494.32 1.6384e+07
424 1462792202 669874 2.72894 1036.58 61138.5 1.6384e+07
425 1462792206 855770 3.8141 1036.69 43911.2 1.6384e+07
426 1462792207 377276 0.521506 1036.63 62603.1 1.6384e+07
427 1462792207 947022 0.569746 1036.38 33130.2 1.6384e+07
428 1462792209 110846 1.16382 1036.55 58648.4 1.6384e+07
429 1462792209 921596 0.81075 1036.64 34903 1.6384e+07
430 1462792213 773192 3.8516 1036.61 27958.8 1.6384e+07
431 1462792221 478465 7.70527 1036.74 42246.1 1.6384e+07
432 1462792224 256803 2.77834 1036.61 28810.2 1.6384e+07
433 1462792227 350484 2.90632 1036.44 50492.6 1.6384e+07
434 1462792227 991397 0.640913 1036.76 21090.3 1.6384e+07
435 1462792228 261769 0.270372 1036.54 9852.58 1.6384e+07
436 1462792229 827231 0.434538 1036.51 21152.4 1.6384e+07
437 1462792233 227035 3.3998 1036.74 41841.3 1.6384e+07
438 1462792233 920977 0.693942 1036.66 22126.7 1.6384e+07
439 1462792234 631054 0.710077 1036.71 55087.9 1.6384e+07
440 1462792237 83044 2.45199 1036.58 21213.3 1.6384e+07
441 1462792237 941742 0.858698 1036.58 52053.8 1.6384e+07
442 1462792241 687054 3.74531 1036.52 12586 1.6384e+07
443 1462792242 863121 0.823933 1036.61 50133.8 1.6384e+07
444 1462792250 793833 7.93071 1036.66 46747.9 1.6384e+07
445 1462792252 506498 1.71266 1036.72 42625.6 1.6384e+07
446 1462792253 214406 0.707908 1036.49 22221.5 1.6384e+07
447 1462792254 342557 0.871849 1036.66 7929.4 1.6384e+07
448 1462792264 289882 9.94732 1036.53 27375.9 1.6384e+07
449 1462792266 35132 1.74525 1036.61 26636.1 1.6384e+07
450 1462792266 629054 0.593922 1036.57 44285.3 1.6384e+07
451 1462792267 315798 0.686744 1036.51 26171.9 1.6384e+07
452 1462792270 426949 2.88885 1036.65 37453.2 1.6384e+07
453 1462792271 263275 0.836326 1036.72 44310.9 1.6384e+07
454 1462792271 421623 0.158348 1036.44 34201.6 1.6384e+07
455 1462792273 325796 1.90417 1036.58 10236.1 1.6384e+07
456 1462792274 861206 0.46459 1036.59 53449.6 1.6384e+07
457 1462792275 799715 0.938509 1036.69 22952.2 1.6384e+07
458 1462792277 769076 1.96936 1036.59 5969.94 1.6384e+07
459 1462792281 581364 3.81229 1036.68 34855.5 1.6384e+07
460 1462792282 317562 0.736198 1036.57 27830.1 1.6384e+07
461 1462792283 929711 0.387851 1036.52 31307.2 1.6384e+07
462 1462792285 41505 1.11179 1036.46 25272.8 1.6384e+07
463 1462792289 375089 3.66642 1036.42 6971.08 1.6384e+07
464 1462792290 569019 0.80607 1036.56 63206.5 1.6384e+07
465 1462792293 316604 2.74758 1036.73 54652.1 1.6384e+07
466 1462792299 732213 5.58439 1036.5 7849.14 1.6384e+07
467 1462792299 898907 0.166694 1036.56 32134.9 1.6384e+07
468 1462792301 15003 1.1161 1036.68 42165.5 1.6384e+07
469 1462792305 835298 3.17971 1036.67 11795 1.6384e+07
470 1462792306 249774 0.414476 1036.67 29998.7 1.6384e+07
471 1462792307 195358 0.945584 1036.67 5075.54 1.6384e+07
472 1462792308 8301 0.812943 1036.54 17163.1 1.6384e+07
473 1462792313 907176 4.10112 1036.61 33737 1.6384e+07
474 1462792315 155016 1.24784 1036.65 40239.7 1.6384e+07
475 1462792315 310927 0.155911 1036.65 43905.6 1.6384e+07
476 1462792316 690637 0.62029 1036.74 31396 1.6384e+07
477 1462792320 377961 3.68732 1036.58 54184.9 1.6384e+07
478 1462792322 793778 1.58418 1036.67 25925.7 1.6384e+07
479 1462792324 918352 1.87543 1036.51 61170.5 1.6384e+07
480 1462792325 25547 0.107195 1036.56 2960.98 1.6384e+07
481 1462792325 229036 0.203489 1036.6 26490.1 1.6384e+07
482 1462792330 670059 4.55898 1036.47 48213.1 1.6384e+07
483 1462792331 400656 0.730597 1036.64 25957.4 1.6384e+07
484 1462792332 46469 0.645813 1036.48 28444.2 1.6384e+07
485 1462792333 142112 0.904357 1036.54 24033.8 1.6384e+07
486 1462792334 67809 0.925697 1036.69 29859.1 1.6384e+07
487 1462792334 689123 0.621314 1036.37 6044.67 1.6384e+07
488 1462792339 385597 4.69647 1036.54 46760.9 1.6384e+07
489 1462792339 582092 0.196495 1036.63 46708.9 1.6384e+07
490 1462792341 955764 1.62633 1036.63 13181.5 1.6384e+07
491 1462792343 270599 1.31483 1036.74 7409.13 1.6384e+07
492 1462792349 410892 5.85971 1036.74 61141.2 1.6384e+07
493 1462792349 486496 0.075604 1036.62 49223.7 1.6384e+07
494 1462792350 177811 0.691315 1036.61 57410.1 1.6384e+07
495 1462792358 444036 7.73377 1036.57 59706.7 1.6384e+07
496 1462792362 659387 3.78465 1036.72 42033 1.6384e+07
497 1462792365 588179 2.92879 1036.66 55534.5 1.6384e+07
498 1462792365 630539 0.04236 1036.59 33255.9 1.6384e+07
499 1462792366 386719 0.75618 1036.67 54987.7 1.6384e+07
500 1462792370 81395 3.69468 1036.71 17642.8 1.6384e+07
501 1462792376 810893 5.2705 1036.69 3461.82 1.6384e+07
502 1462792380 765684 3.95479 1036.63 55270.4 1.6384e+07
503 1462792384 872263 3.89342 1036.56 56907 1.6384e+07
504 1462792387 475683 2.60342 1036.54 56268.5 1.6384e+07
505 1462792389 71095 1.59541 1036.65 14465.7 1.6384e+07
506 1462792390 752382 0.318713 1036.71 7286.93 1.6384e+07
507 1462792390 800927 0.048545 1036.6 52239.8 1.6384e+07
508 1462792391 180916 0.379989 1036.7 19776.7 1.6384e+07
509 1462792393 203625 1.97729 1036.67 14575.4 1.6384e+07
510 1462792395 80474 1.87685 1036.78 54404.7 1.6384e+07
511 1462792396 137633 0.942841 1036.7 20288.1 1.6384e+07
512 1462792398 362804 1.77483 1036.57 50239.7 1.6384e+07
513 1462792401 112099 2.7493 1036.64 49258.1 1.6384e+07
514 1462792405 27364 3.91527 1036.63 38890.3 1.6384e+07
515 1462792405 340191 0.312827 1036.61 22057.7 1.6384e+07
516 1462792406 669691 0.6705 1036.61 50198.4 1.6384e+07
517 1462792408 662215 1.99252 1036.54 28260.9 1.6384e+07
518 1462792410 389742 1.72753 1036.62 31091.3 1.6384e+07
519 1462792412 82918 1.69318 1036.74 8586.18 1.6384e+07
520 1462792413 891511 0.191407 1036.64 26045.9 1.6384e+07
521 1462792414 722773 0.831262 1036.74 3064.81 1.6384e+07
522 1462792417 898575 2.8242 1036.8 10403.7 1.6384e+07
523 1462792424 273670 6.37509 1036.61 16421.4 1.6384e+07
524 1462792426 805257 1.46841 1036.65 37311.9 1.6384e+07
525 1462792430 25931 3.22067 1036.63 27531 1.6384e+07
526 1462792430 318985 0.293054 1036.44 17659.5 1.6384e+07
527 1462792433 377584 2.9414 1035.5 55512.6 1.6384e+07
528 1462792433 847424 0.46984 1036.69 7578.74 1.6384e+07
529 1462792434 803950 0.956526 1036.58 5137.38 1.6384e+07
530 1462792436 173721 1.36977 1036.71 61788.1 1.6384e+07
531 1462792437 255127 0.918594 1036.61 3668.63 1.6384e+07
532 1462792438 891508 0.363619 1036.65 3905.24 1.6384e+07
533 1462792439 247801 0.356293 1036.7 3090.95 1.6384e+07
534 1462792441 410530 1.83727 1036.74 47097.3 1.6384e+07
535 1462792444 472604 2.93793 1036.74 5167.77 1.6384e+07
536 1462792446 2608 1.53 1036.77 12472.8 1.6384e+07
537 1462792446 587900 0.585292 1036.71 14055.2 1.6384e+07
538 1462792448 975169 1.61273 1036.45 3845.77 1.6384e+07
539 1462792452 890582 3.91541 1036.77 4141.6 1.6384e+07
540 1462792453 982908 0.907674 1036.75 27650.4 1.6384e+07
541 1462792455 881295 1.89839 1036.56 38881.7 1.6384e+07
542 1462792457 724747 1.84345 1036.8 4985.34 1.6384e+07
543 1462792458 40442 0.315695 1036.71 56786.7 1.6384e+07
544 1462792459 116914 0.923528 1036.67 4006.51 1.6384e+07
545 1462792459 687310 0.570396 1036.63 54225.8 1.6384e+07
546 1462792460 359973 0.672663 1036.56 43495.4 1.6384e+07
547 1462792463 435543 2.92443 1036.69 9436.67 1.6384e+07
548 1462792463 666035 0.230492 1036.71 16437.9 1.6384e+07
549 1462792464 157203 0.491168 1036.74 4432.55 1.6384e+07
550 1462792467 334653 2.82255 1036.77 39048.4 1.6384e+07
551 1462792468 412812 0.921841 1035.54 58455.5 1.6384e+07
552 1462792469 698463 0.714349 1036.77 15014.2 1.6384e+07
553 1462792472 153411 2.45495 1036.68 29970.9 1.6384e+07
554 1462792473 494834 0.658577 1036.68 24186.2 1.6384e+07
555 1462792475 284776 1.78994 1036.89 3609.8 1.6384e+07
556 1462792475 809453 0.524677 1036.69 28761 1.6384e+07
557 1462792476 980306 0.829147 1036.83 58983.7 1.6384e+07
558 1462792479 406208 2.4259 1036.76 60448.8 1.6384e+07
559 1462792483 67684 3.66148 1036.64 48687.6 1.6384e+07
560 1462792485 694109 1.37357 1036.69 30927.2 1.6384e+07
561 1462792485 716561 0.022452 1036.67 41323.2 1.6384e+07
562 1462792486 900322 0.816239 1036.65 43069.7 1.6384e+07
563 1462792489 58701 2.15838 1036.64 34482.9 1.6384e+07
564 1462792491 27927 1.96923 1036.82 23798 1.6384e+07
565 1462792491 377475 0.349548 1036.69 47791.8 1.6384e+07
566 1462792495 867844 3.50963 1036.76 37444.6 1.6384e+07
567 1462792497 655030 1.78719 1036.76 49182.6 1.6384e+07
568 1462792498 562334 0.907304 1036.74 32584.6 1.6384e+07
569 1462792500 220670 1.65834 1036.61 44383.7 1.6384e+07
570 1462792504 214021 3.99335 1036.69 40415.6 1.6384e+07
571 1462792507 168074 2.95405 1036.77 15397.7 1.6384e+07
572 1462792509 121617 1.95354 1036.82 39219.1 1.6384e+07
573 1462792513 543669 3.57795 1036.77 46108.5 1.6384e+07
574 1462792514 278036 0.734367 1036.71 58881.6 1.6384e+07
575 1462792520 77225 5.79919 1036.64 41614.3 1.6384e+07
576 1462792520 653953 0.576728 1036.52 17458.3 1.6384e+07
577 1462792524 101770 3.44782 1036.61 10306.7 1.6384e+07
578 1462792525 184910 0.91686 1036.7 60304.1 1.6384e+07
579 1462792532 641099 6.54381 1036.8 35562.6 1.6384e+07
580 1462792533 293896 0.652797 1036.72 4010.01 1.6384e+07
581 1462792535 218968 1.92507 1036.84 41231.8 1.6384e+07
582 1462792535 286456 0.067488 1036.76 62689 1.6384e+07
583 1462792544 173538 8.88708 1036.75 56649.4 1.6384e+07
584 1462792548 919025 3.25451 1037.65 2973.49 1.6384e+07
585 1462792549 249366 0.330341 1036.74 19043.1 1.6384e+07
586 1462792549 653248 0.403882 1036.72 24615.1 1.6384e+07
587 1462792550 365961 0.712713 1035.53 3141.08 1.6384e+07
588 1462792551 124342 0.758381 1036.77 21916 1.6384e+07
589 1462792551 492489 0.368147 1036.7 40762.5 1.6384e+07
590 1462792552 728345 0.764144 1036.74 34082.1 1.6384e+07
591 1462792554 373396 1.64505 1036.71 35815.3 1.6384e+07
592 1462792555 605775 0.767621 1036.74 10523.2 1.6384e+07
593 1462792555 643849 0.038074 1036.69 54767 1.6384e+07
594 1462792557 417648 1.7738 1036.76 54396.9 1.6384e+07
595 1462792559 227034 1.80939 1036.82 27306.4 1.6384e+07
596 1462792560 884720 0.342314 1036.89 43888.4 1.6384e+07
597 1462792563 561875 2.67715 1036.74 32162.1 1.6384e+07
598 1462792564 447406 0.885531 1036.8 41091.5 1.6384e+07
599 1462792565 230437 0.783031 1036.68 48958 1.6384e+07
600 1462792565 876548 0.646111 1036.67 25073.2 1.6384e+07
601 1462792566 416417 0.539869 1036.81 44482.4 1.6384e+07
602 1462792566 729524 0.313107 1036.7 22330.1 1.6384e+07
603 1462792566 740013 0.010489 1036.64 10465.8 1.6384e+07
604 1462792567 519466 0.779453 1036.59 57198 1.6384e+07
605 1462792568 469420 0.949954 1036.85 48299.7 1.6384e+07
606 1462792570 622210 1.84721 1036.87 18157.4 1.6384e+07
607 1462792574 445624 3.82341 1036.74 57724.3 1.6384e+07
608 1462792574 598861 0.153237 1036.83 10044.1 1.6384e+07
609 1462792575 591769 0.992908 1036.67 20779.7 1.6384e+07
610 1462792576 55133 0.463364 1036.76 32279.3 1.6384e+07
611 1462792577 74743 0.98039 1036.67 16343.7 1.6384e+07
612 1462792577 587803 0.51306 1036.7 17746.6 1.6384e+07
613 1462792581 78470 3.49067 1036.72 49879.3 1.6384e+07
614 1462792582 85625 0.992845 1036.69 32001.2 1.6384e+07
615 1462792587 657746 4.42788 1036.67 53110 1.6384e+07
616 1462792588 18984 0.361238 1036.74 24712.4 1.6384e+07
617 1462792588 107283 0.088299 1036.76 5211.89 1.6384e+07
618 1462792589 782763 0.32452 1036.74 34950.1 1.6384e+07
619 1462792590 383391 0.600628 1036.74 3616.56 1.6384e+07
620 1462792591 503931 0.87946 1036.71 2942.18 1.6384e+07
621 1462792595 527568 3.97636 1036.72 43019 1.6384e+07
622 1462792596 719837 0.807731 1036.59 11156.3 1.6384e+07
623 1462792598 656955 1.93712 1036.74 46721.4 1.6384e+07
624 1462792601 450682 2.79373 1036.84 52269.3 1.6384e+07
625 1462792601 565923 0.115241 1036.74 14689.7 1.6384e+07
626 1462792605 88410 3.52249 1036.61 32214.5 1.6384e+07
627 1462792605 162726 0.074316 1036.71 31083.9 1.6384e+07
628 1462792605 788126 0.6254 1036.69 54737.2 1.6384e+07
629 1462792606 393642 0.605516 1036.46 10108.6 1.6384e+07
630 1462792609 251781 2.85814 1036.74 59708.6 1.6384e+07
631 1462792610 623807 0.627974 1036.69 31416.1 1.6384e+07
632 1462792614 404750 3.78094 1036.7 22661.2 1.6384e+07
633 1462792614 461574 0.056824 1036.71 9255.59 1.6384e+07
634 1462792617 492720 2.96885 1036.79 49435.1 1.6384e+07
635 1462792617 691625 0.198905 1036.8 31889.2 1.6384e+07
636 1462792618 198932 0.507307 1036.81 30480.5 1.6384e+07
637 1462792619 919876 0.279056 1036.87 22718.3 1.6384e+07
638 1462792620 734955 0.815079 1036.87 14015.8 1.6384e+07
639 1462792620 857060 0.122105 1036.62 9637.63 1.6384e+07
640 1462792621 329575 0.472515 1036.54 39754.8 1.6384e+07
641 1462792623 937787 1.39179 1036.83 27771 1.6384e+07
642 1462792626 319417 2.38163 1036.74 36675.1 1.6384e+07
643 1462792627 478658 0.840759 1036.65 61224.3 1.6384e+07
644 1462792627 753169 0.274511 1036.94 59847.1 1.6384e+07
645 1462792628 604506 0.851337 1036.72 52105 1.6384e+07
646 1462792629 228471 0.623965 1036.67 56067.7 1.6384e+07
647 1462792629 420691 0.19222 1036.78 20611.1 1.6384e+07
648 1462792637 2742 7.58205 1036.57 22615.4 1.6384e+07
649 1462792638 187746 0.814996 1036.7 62222 1.6384e+07
650 1462792638 430494 0.242748 1036.76 48872 1.6384e+07
651 1462792640 337009 1.90651 1036.77 55723.6 1.6384e+07
652 1462792640 957004 0.619995 1036.44 27577 1.6384e+07
653 1462792642 17798 1.06079 1036.92 2738.72 1.6384e+07
654 1462792645 416334 2.60146 1036.8 58708 1.6384e+07
655 1462792646 19338 0.603004 1036.74 35141 1.6384e+07
656 1462792651 414002 4.60534 1036.65 32355.3 1.6384e+07
657 1462792651 782788 0.368786 1036.72 26321.9 1.6384e+07
658 1462792652 678407 0.895619 1036.77 56991.3 1.6384e+07
659 1462792654 339470 1.66106 1036.71 15413.5 1.6384e+07
660 1462792656 265252 1.92578 1036.65 2688.66 1.6384e+07
661 1462792657 745357 0.519895 1036.74 5563.73 1.6384e+07
662 1462792658 744645 0.999288 1036.81 38682.7 1.6384e+07
663 1462792660 267141 1.5225 1036.63 47434.7 1.6384e+07
664 1462792662 194866 1.92772 1036.85 16554.4 1.6384e+07
665 1462792664 925523 1.26934 1036.7 15890.2 1.6384e+07
666 1462792665 47800 0.122277 1036.8 29551 1.6384e+07
667 1462792665 601143 0.553343 1036.67 45563.1 1.6384e+07
668 1462792670 974151 4.62699 1036.84 6594 1.6384e+07
669 1462792671 30807 0.056656 1036.78 28111.3 1.6384e+07
670 1462792671 586334 0.555527 1036.72 63848.1 1.6384e+07
671 1462792674 835664 2.75067 1036.91 21232.8 1.6384e+07
672 1462792675 578793 0.743129 1036.77 59945.9 1.6384e+07
673 1462792678 714136 2.86466 1036.81 10008.1 1.6384e+07
674 1462792685 56805 6.34267 1036.85 48407.4 1.6384e+07
675 1462792687 510433 1.54637 1036.87 6118.47 1.6384e+07
676 1462792687 513412 0.002979 1037.64 3336.98 1.6384e+07
677 1462792688 107878 0.594466 1036.77 5556.53 1.6384e+07
678 1462792691 854940 2.25294 1036.8 8122.02 1.6384e+07
679 1462792692 949215 0.905725 1036.7 22901.8 1.6384e+07
680 1462792693 535661 0.586446 1036.78 14009 1.6384e+07
681 1462792695 315536 1.77988 1036.69 53158.5 1.6384e+07
682 1462792698 504977 2.81056 1036.85 35086.1 1.6384e+07
683 1462792699 581403 0.923574 1036.83 37663.8 1.6384e+07
684 1462792700 322427 0.741024 1036.78 39919.2 1.6384e+07
685 1462792700 728589 0.406162 1036.84 16527.8 1.6384e+07
686 1462792700 984103 0.255514 1036.96 60710.7 1.6384e+07
687 1462792702 942140 1.95804 1036.8 20106.8 1.6384e+07
688 1462792703 740537 0.798397 1036.85 34069.1 1.6384e+07
689 1462792704 164912 0.424375 1036.76 32833.1 1.6384e+07
690 1462792705 652827 0.512085 1036.78 21468.7 1.6384e+07
691 1462792706 49362 0.396535 1036.74 2990.14 1.6384e+07
692 1462792706 56362 0.007 1036.85 49376 1.6384e+07
693 1462792713 493734 6.56263 1036.59 59205.6 1.6384e+07
694 1462792713 616349 0.122615 1036.8 9903.15 1.6384e+07
695 1462792717 686359 3.92999 1036.59 23214.8 1.6384e+07
696 1462792717 696816 0.010457 1036.85 48725.2 1.6384e+07
697 1462792720 562924 2.86611 1036.87 45061.5 1.6384e+07
698 1462792723 281718 2.71879 1036.87 3448.81 1.6384e+07
699 1462792724 828659 0.453059 1036.72 12099.8 1.6384e+07
700 1462792726 756761 1.9281 1036.74 5446.54 1.6384e+07
701 1462792726 962004 0.205243 1036.84 20371.3 1.6384e+07
702 1462792727 150257 0.188253 1036.76 12151.1 1.6384e+07
703 1462792735 669025 7.48123 1036.81 51376 1.6384e+07
704 1462792736 607862 0.938837 1036.74 21260.5 1.6384e+07
705 1462792737 799974 0.807888 1036.84 19929.8 1.6384e+07
706 1462792738 187064 0.38709 1036.83 51506.9 1.6384e+07
707 1462792739 787340 0.399724 1036.77 3633.56 1.6384e+07
708 1462792740 921514 0.865826 1036.83 44401.6 1.6384e+07
709 1462792745 891375 4.96986 1036.83 7054.74 1.6384e+07
710 1462792747 286072 1.3947 1036.69 3412.41 1.6384e+07
711 1462792749 212955 1.92688 1036.76 22235.8 1.6384e+07
712 1462792750 805709 0.407246 1036.84 33640.8 1.6384e+07
713 1462792754 202616 3.39691 1036.81 5999.68 1.6384e+07
714 1462792754 837804 0.635188 1036.87 42821.7 1.6384e+07
715 1462792755 194990 0.357186 1036.85 32454.7 1.6384e+07
716 1462792759 944451 3.25054 1036.74 30697.2 1.6384e+07
717 1462792760 257706 0.313255 1036.74 8053.76 1.6384e+07
718 1462792765 332449 4.92526 1036.71 15752.6 1.6384e+07
719 1462792765 966578 0.634129 1036.67 33180.8 1.6384e+07
720 1462792766 916214 0.949636 1036.73 37156.7 1.6384e+07
721 1462792768 264506 1.34829 1036.57 42500.2 1.6384e+07
722 1462792768 581171 0.316665 1036.74 57904.6 1.6384e+07
723 1462792774 239291 5.65812 1036.83 24087.8 1.6384e+07
724 1462792775 443118 0.796173 1036.8 56630.6 1.6384e+07
725 1462792776 308407 0.865289 1036.69 13444.3 1.6384e+07
726 1462792776 938176 0.629769 1036.72 39886.2 1.6384e+07
727 1462792778 138700 1.20052 1036.8 13986.6 1.6384e+07
728 1462792778 154674 0.015974 1036.72 25121.8 1.6384e+07
729 1462792778 448823 0.294149 1036.83 54478.3 1.6384e+07
730 1462792778 489487 0.040664 1036.9 47508.2 1.6384e+07
731 1462792779 568918 0.920569 1036.74 20585.2 1.6384e+07
732 1462792780 131643 0.562725 1036.7 37075.1 1.6384e+07
733 1462792780 438360 0.306717 1036.76 42931.9 1.6384e+07
734 1462792782 533732 1.90463 1036.7 49295 1.6384e+07
735 1462792784 903502 1.63023 1036.77 47904.6 1.6384e+07
736 1462792785 140779 0.237277 1036.57 50760.4 1.6384e+07
737 1462792785 514799 0.37402 1036.74 17239 1.6384e+07
738 1462792786 763051 0.751748 1036.74 30038 1.6384e+07
739 1462792787 458585 0.695534 1036.8 54018.7 1.6384e+07
740 1462792791 187583 3.729 1036.76 40971.3 1.6384e+07
741 1462792792 7385 0.819802 1036.78 61867.6 1.6384e+07
742 1462792794 358988 1.6484 1036.76 60906.2 1.6384e+07
743 1462792797 172266 2.81328 1036.55 63714.5 1.6384e+07
744 1462792798 491708 0.680558 1036.74 11418.2 1.6384e+07
745 1462792801 169373 2.67767 1036.69 16728.5 1.6384e+07
746 1462792803 542450 1.62692 1036.79 40984 1.6384e+07
747 1462792804 982756 0.559694 1036.7 5046.32 1.6384e+07
748 1462792806 193910 1.21115 1036.89 17873.3 1.6384e+07
749 1462792807 222915 0.970995 1036.78 56606.4 1.6384e+07
750 1462792808 852709 0.370206 1036.65 4123.09 1.6384e+07
751 1462792809 923002 0.929707 1036.91 41502.2 1.6384e+07
752 1462792813 318569 3.39557 1036.89 38212.7 1.6384e+07
753 1462792814 69251 0.750682 1036.91 20026.3 1.6384e+07
754 1462792814 449072 0.379821 1036.71 59810.4 1.6384e+07
755 1462792814 773740 0.324668 1036.9 4376.61 1.6384e+07
756 1462792815 373311 0.599571 1036.85 23454.1 1.6384e+07
757 1462792815 480762 0.107451 1036.89 40737.6 1.6384e+07
758 1462792816 154162 0.6734 1036.66 27539.8 1.6384e+07
759 1462792818 848971 1.30519 1036.64 36589.9 1.6384e+07
760 1462792819 648527 0.799556 1036.63 14071.3 1.6384e+07
761 1462792820 33682 0.385155 1036.78 52885.3 1.6384e+07
762 1462792822 11856 1.97817 1036.76 14171.7 1.6384e+07
763 1462792822 676113 0.664257 1036.9 5333.67 1.6384e+07
764 1462792823 239242 0.563129 1036.86 46457 1.6384e+07
765 1462792825 748507 1.49073 1036.9 51847.9 1.6384e+07
766 1462792826 625802 0.877295 1036.9 13412.8 1.6384e+07
767 1462792827 619853 0.994051 1036.74 16421.5 1.6384e+07
768 1462792827 898459 0.278606 1036.8 30117.1 1.6384e+07
769 1462792828 382994 0.484535 1036.74 29986.1 1.6384e+07
770 1462792829 64544 0.68155 1036.86 59951.1 1.6384e+07
771 1462792829 445008 0.380464 1036.88 58119.1 1.6384e+07
772 1462792829 876777 0.431769 1036.81 9023.23 1.6384e+07
773 1462792831 61463 1.18469 1036.83 9849.54 1.6384e+07
774 1462792831 563579 0.502116 1036.85 35643.9 1.6384e+07
775 1462792832 892871 0.670708 1036.83 3039.12 1.6384e+07
776 1462792833 799020 0.906149 1036.74 19288.4 1.6384e+07
777 1462792836 901782 2.89724 1036.93 10307.6 1.6384e+07
778 1462792837 47677 0.145895 1037.96 63286.9 1.6384e+07
779 1462792837 354526 0.306849 1036.79 12526.1 1.6384e+07
780 1462792838 21759 0.667233 1036.76 13893.5 1.6384e+07
781 1462792838 420101 0.398342 1036.9 14942.8 1.6384e+07
782 1462792839 518548 0.901553 1036.81 34186.1 1.6384e+07
783 1462792839 924863 0.406315 1036.71 5894.85 1.6384e+07
784 1462792841 937806 1.98706 1036.72 20779.1 1.6384e+07
785 1462792841 956459 0.018653 1036.77 38673.1 1.6384e+07
786 1462792844 188475 2.23202 1036.73 61025.2 1.6384e+07
787 1462792846 638469 1.55001 1036.94 36700.7 1.6384e+07
788 1462792851 607025 4.96856 1036.82 61463.4 1.6384e+07
789 1462792851 626822 0.019797 1036.89 25343.5 1.6384e+07
790 1462792855 222417 3.59559 1036.77 49396.3 1.6384e+07
791 1462792855 352754 0.130337 1036.81 39628.8 1.6384e+07
792 1462792856 985207 0.367547 1036.77 45806.5 1.6384e+07
793 1462792858 54754 1.06955 1036.77 13430.3 1.6384e+07
794 1462792861 404672 2.65008 1036.89 16567.2 1.6384e+07
795 1462792861 507666 0.102994 1036.83 54350.6 1.6384e+07
796 1462792863 380497 1.87283 1036.83 58281.3 1.6384e+07
797 1462792865 511045 1.86945 1036.87 6382.64 1.6384e+07
798 1462792865 831715 0.32067 1036.83 43249.7 1.6384e+07
799 1462792867 252819 1.4211 1036.88 8223.37 1.6384e+07
800 1462792867 338670 0.085851 1036.69 11486.7 1.6384e+07
801 1462792867 473421 0.134751 1036.76 6050.35 1.6384e+07
802 1462792867 919172 0.445751 1036.77 35023.7 1.6384e+07
803 1462792868 60272 0.1411 1036.8 22766.3 1.6384e+07
804 1462792868 214745 0.154473 1036.75 50292.4 1.6384e+07
805 1462792869 183446 0.968701 1036.81 24098.8 1.6384e+07
806 1462792870 255080 0.928366 1036.9 51733.2 1.6384e+07
807 1462792870 323402 0.068322 1036.8 30381.4 1.6384e+07
808 1462792872 144860 1.82146 1036.99 32425.2 1.6384e+07
809 1462792872 262608 0.117748 1036.75 31906.8 1.6384e+07
810 1462792872 313850 0.051242 1036.93 37397.2 1.6384e+07
811 1462792872 800294 0.486444 1036.88 60827 1.6384e+07
812 1462792873 203758 0.403464 1036.84 30187.8 1.6384e+07
813 1462792874 818205 0.385553 1036.86 22837 1.6384e+07
814 1462792875 120088 0.301883 1036.78 59852.6 1.6384e+07
815 1462792876 422624 0.697464 1036.9 25365.1 1.6384e+07
816 1462792876 764440 0.341816 1036.8 60931.1 1.6384e+07
817 1462792876 768208 0.003768 1036.77 14075.4 1.6384e+07
818 1462792876 789103 0.020895 1036.73 63183.8 1.6384e+07
819 1462792878 416782 1.62768 1036.84 41222.1 1.6384e+07
820 1462792878 778465 0.361683 1036.91 19587.1 1.6384e+07
821 1462792879 580955 0.80249 1036.58 34411.3 1.6384e+07
822 1462792881 23652 1.4427 1036.69 5698.55 1.6384e+07
823 1462792885 678910 3.34474 1036.9 31357.8 1.6384e+07
824 1462792886 659821 0.980911 1036.93 31157.3 1.6384e+07
825 1462792886 846221 0.1864 1036.88 58293.8 1.6384e+07
826 1462792888 107767 1.26155 1036.87 29568.7 1.6384e+07
827 1462792888 839712 0.731945 1036.78 14317 1.6384e+07
828 1462792889 967631 0.872081 1036.73 58822.3 1.6384e+07
829 1462792891 267160 1.29953 1036.8 58426 1.6384e+07
830 1462792893 5487 1.73833 1036.99 47034.3 1.6384e+07
831 1462792893 541608 0.536121 1036.88 62158.5 1.6384e+07
832 1462792893 577999 0.036391 1036.75 33670 1.6384e+07
833 1462792894 362960 0.784961 1036.77 20147.4 1.6384e+07
834 1462792897 332573 2.96961 1036.73 16691.1 1.6384e+07
835 1462792899 10619 1.67805 1036.9 34976.9 1.6384e+07
836 1462792902 827571 2.18305 1036.81 31685.2 1.6384e+07
837 1462792902 863140 0.035569 1036.82 15078.9 1.6384e+07
838 1462792902 873915 0.010775 1036.73 7258.73 1.6384e+07
839 1462792903 144464 0.270549 1036.82 56951.7 1.6384e+07
840 1462792904 51882 0.907418 1036.8 23684.7 1.6384e+07
841 1462792907 124625 2.92726 1036.79 21304.2 1.6384e+07
842 1462792909 716796 1.40783 1036.88 47709.7 1.6384e+07
843 1462792909 871899 0.155103 1036.75 57954.3 1.6384e+07
844 1462792909 889380 0.017481 1036.9 24764 1.6384e+07
845 1462792915 478465 5.58908 1036.77 59503.7 1.6384e+07
846 1462792916 97284 0.618819 1036.88 18183.9 1.6384e+07
847 1462792916 184753 0.087469 1036.73 2560.58 1.6384e+07
848 1462792919 173338 2.98859 1036.75 29892.2 1.6384e+07
849 1462792920 964343 0.208995 1036.93 15423.6 1.6384e+07
850 1462792923 912217 2.94787 1036.8 34043.7 1.6384e+07
851 1462792924 260854 0.348637 1036.82 16441.6 1.6384e+07
852 1462792925 138435 0.877581 1036.72 16362.7 1.6384e+07
853 1462792932 194914 6.94352 1036.81 49962 1.6384e+07
854 1462792932 290718 0.095804 1036.8 43991.1 1.6384e+07
855 1462792933 651669 0.639049 1036.73 39021.3 1.6384e+07
856 1462792934 573774 0.922105 1036.89 3132.56 1.6384e+07
857 1462792935 993423 0.580351 1036.83 59460.8 1.6384e+07
858 1462792936 599962 0.606539 1036.83 49543.2 1.6384e+07
859 1462792938 757229 1.84273 1036.69 29994.9 1.6384e+07
860 1462792939 952746 0.804483 1036.75 6824.03 1.6384e+07
861 1462792940 822094 0.869348 1036.71 49891.8 1.6384e+07
862 1462792941 865188 0.956906 1036.88 54768 1.6384e+07
863 1462792942 66377 0.201189 1036.86 19030.8 1.6384e+07
864 1462792942 89486 0.023109 1036.71 23622.8 1.6384e+07
865 1462792942 297119 0.207633 1036.88 54688.2 1.6384e+07
866 1462792942 915760 0.618641 1036.81 51026.3 1.6384e+07
867 1462792943 454659 0.538899 1036.87 30299.4 1.6384e+07
868 1462792944 679549 0.77511 1036.93 41451.5 1.6384e+07
869 1462792944 687070 0.007521 1036.8 62602.1 1.6384e+07
870 1462792944 751541 0.064471 1036.88 58490.9 1.6384e+07
871 1462792945 326556 0.575015 1036.81 43258.6 1.6384e+07
872 1462792946 200646 0.87409 1036.77 39924.3 1.6384e+07
873 1462792946 784573 0.583927 1036.86 58529.9 1.6384e+07
874 1462792950 294655 3.51008 1036.75 15493.2 1.6384e+07
875 1462792950 983007 0.688352 1036.94 22805.7 1.6384e+07
876 1462792952 295316 1.31231 1036.86 20643.7 1.6384e+07
877 1462792954 616775 1.67854 1036.8 48400.5 1.6384e+07
878 1462792956 75640 1.45887 1036.74 32122.7 1.6384e+07
879 1462792957 116068 0.959572 1036.77 47248.8 1.6384e+07
880 1462792958 616221 0.499847 1036.74 53013.7 1.6384e+07
881 1462792958 840276 0.224055 1036.77 42507.6 1.6384e+07
882 1462792961 673947 2.83367 1036.77 44802.6 1.6384e+07
883 1462792961 800100 0.126153 1036.8 3208.55 1.6384e+07
884 1462792961 858393 0.058293 1036.81 61765.6 1.6384e+07
885 1462792969 624391 7.766 1036.86 26154.8 1.6384e+07
886 1462792969 694877 0.070486 1038.12 17430.5 1.6384e+07
887 1462792972 735510 2.95937 1036.83 27751.6 1.6384e+07
888 1462792974 363796 1.62829 1036.73 44839.8 1.6384e+07
889 1462792975 455536 0.90826 1036.71 52985.8 1.6384e+07
890 1462792977 675442 1.78009 1036.9 31156.2 1.6384e+07
891 1462792980 89204 2.41376 1036.78 16575.6 1.6384e+07
892 1462792980 528573 0.439369 1036.87 43865.2 1.6384e+07
893 1462792982 788301 1.74027 1036.89 44271.7 1.6384e+07
894 1462792983 628078 0.839777 1036.76 33681.7 1.6384e+07
895 1462792985 483684 1.85561 1037.81 9743.07 1.6384e+07
896 1462792985 637285 0.153601 1036.77 28945.1 1.6384e+07
897 1462792989 300634 3.66335 1036.91 17931.4 1.6384e+07
898 1462792990 501796 0.798838 1036.81 54731.9 1.6384e+07
899 1462792990 817678 0.315882 1036.68 56388.9 1.6384e+07
900 1462792992 289416 1.47174 1036.78 10489 1.6384e+07
901 1462792992 460047 0.170631 1036.84 12472.2 1.6384e+07
902 1462792993 62728 0.602681 1036.93 41232.5 1.6384e+07
903 1462792996 82832 2.9799 1036.71 58917.1 1.6384e+07
904 1462792996 221556 0.138724 1036.61 46683 1.6384e+07
905 1462792997 442120 0.779436 1036.72 52659.1 1.6384e+07
906 1462792997 910261 0.468141 1036.7 47157.1 1.6384e+07
907 1462792998 54716 0.144455 1036.8 7439.41 1.6384e+07
908 1462792998 517737 0.463021 1036.55 8646.26 1.6384e+07
909 1462792998 785079 0.267342 1036.76 58919.2 1.6384e+07
910 1462792998 895534 0.110455 1036.85 16598 1.6384e+07
911 1462792999 729394 0.83386 1036.78 38022 1.6384e+07
912 1462793001 607438 1.87804 1036.82 43252.9 1.6384e+07
913 1462793002 583104 0.975666 1036.74 40849.7 1.6384e+07
914 1462793003 118366 0.535262 1036.97 44342.7 1.6384e+07
915 1462793003 403765 0.285399 1036.77 60656.3 1.6384e+07
916 1462793007 988800 3.41497 1036.9 3010.34 1.6384e+07
917 1462793010 68536 2.07974 1036.85 25038.4 1.6384e+07
918 1462793010 626722 0.558186 1036.87 21884.9 1.6384e+07
919 1462793014 541544 3.91482 1036.84 14490.9 1.6384e+07
920 1462793014 658412 0.116868 1036.91 52379 1.6384e+07
921 1462793015 111543 0.453131 1036.69 21920.2 1.6384e+07
922 1462793017 969703 1.14184 1036.83 24022.9 1.6384e+07
923 1462793018 774009 0.804306 1036.67 51410.8 1.6384e+07
924 1462793018 809487 0.035478 1036.74 54390.3 1.6384e+07
925 1462793019 88571 0.279084 1036.8 34733.9 1.6384e+07
926 1462793021 882198 1.20637 1036.89 56270.1 1.6384e+07
927 1462793023 644073 1.76188 1036.7 56528.9 1.6384e+07
928 1462793024 41954 0.397881 1036.84 43681.4 1.6384e+07
929 1462793024 58981 0.017027 1036.76 63131.2 1.6384e+07
930 1462793025 656520 0.402461 1036.76 28519.3 1.6384e+07
931 1462793025 879017 0.222497 1036.85 7338.55 1.6384e+07
932 1462793026 262667 0.38365 1036.9 29805.4 1.6384e+07
933 1462793030 876775 3.38589 1036.71 53861.4 1.6384e+07
934 1462793031 262734 0.385959 1036.9 9032.71 1.6384e+07
935 1462793032 963444 0.29929 1036.85 41172 1.6384e+07
936 1462793033 266474 0.30303 1036.9 16760.4 1.6384e+07
937 1462793033 606508 0.340034 1036.76 43234.4 1.6384e+07
938 1462793034 783168 0.82334 1036.84 51639.6 1.6384e+07
939 1462793034 804278 0.02111 1036.72 10434.3 1.6384e+07
940 1462793035 350200 0.545922 1036.9 39728.6 1.6384e+07
941 1462793037 903 1.6507 1036.74 50704.5 1.6384e+07
942 1462793037 295072 0.294169 1036.75 5031.43 1.6384e+07
943 1462793039 577229 1.71784 1036.9 31049.6 1.6384e+07
944 1462793040 89667 0.512438 1036.9 33821.7 1.6384e+07
945 1462793040 211545 0.121878 1036.88 10304.9 1.6384e+07
946 1462793040 343320 0.131775 1036.83 35788.9 1.6384e+07
947 1462793042 207789 1.86447 1036.73 10318.8 1.6384e+07
948 1462793042 923720 0.715931 1036.79 30177.7 1.6384e+07
949 1462793042 984812 0.061092 1036.9 8717.93 1.6384e+07
950 1462793043 663562 0.67875 1036.94 63085.9 1.6384e+07
951 1462793044 71653 0.408091 1036.96 15832 1.6384e+07
952 1462793045 35056 0.963403 1036.78 42949.9 1.6384e+07
953 1462793045 293166 0.25811 1036.87 3101.56 1.6384e+07
954 1462793046 783739 0.509427 1036.92 32638.1 1.6384e+07
955 1462793046 854588 0.070849 1036.86 15239.5 1.6384e+07
956 1462793047 477854 0.623266 1036.94 53772.1 1.6384e+07
957 1462793048 363820 0.885966 1036.77 48800.8 1.6384e+07
958 1462793049 112081 0.748261 1036.71 41163.6 1.6384e+07
959 1462793049 375114 0.263033 1036.96 27159.1 1.6384e+07
960 1462793050 970104 0.40501 1036.77 28487.6 1.6384e+07
961 1462793051 252185 0.282081 1036.77 25136 1.6384e+07
962 1462793051 480161 0.227976 1036.8 53866.2 1.6384e+07
963 1462793052 672116 0.808045 1036.77 58233.8 1.6384e+07
964 1462793052 842536 0.17042 1036.8 50642.2 1.6384e+07
965 1462793053 365408 0.522872 1038.01 19806.8 1.6384e+07
966 1462793053 504444 0.139036 1036.87 57088.6 1.6384e+07
967 1462793054 48028 0.543584 1036.88 38480.4 1.6384e+07
968 1462793056 52335 1.99569 1036.71 9678.02 1.6384e+07
969 1462793059 29641 2.97731 1036.83 42662.8 1.6384e+07
970 1462793060 60151 0.96949 1036.77 41272.5 1.6384e+07
971 1462793060 150150 0.089999 1036.77 36766.1 1.6384e+07
972 1462793063 347688 2.80246 1036.84 18287.7 1.6384e+07
973 1462793063 955073 0.607385 1037 30355.5 1.6384e+07
974 1462793063 965215 0.010142 1036.74 11045.5 1.6384e+07
975 1462793065 236756 1.27154 1036.81 10889.1 1.6384e+07
976 1462793067 271052 1.9657 1036.67 51429.9 1.6384e+07
977 1462793067 642098 0.371046 1036.93 12313.6 1.6384e+07
978 1462793067 649048 0.00695 1036.86 43496.6 1.6384e+07
979 1462793068 75937 0.426889 1036.85 55576.7 1.6384e+07
980 1462793068 878309 0.802372 1036.79 25146.6 1.6384e+07
981 1462793069 658041 0.779732 1036.76 58833.1 1.6384e+07
982 1462793070 15042 0.357001 1036.8 15254.4 1.6384e+07
983 1462793070 418129 0.403087 1037.03 39323.1 1.6384e+07
984 1462793072 155544 1.73741 1036.86 44242.7 1.6384e+07
985 1462793073 604441 0.551103 1036.73 43770.2 1.6384e+07
986 1462793073 633479 0.029038 1036.86 2499.83 1.6384e+07
987 1462793073 898969 0.26549 1036.81 50093.6 1.6384e+07
988 1462793074 891652 0.992683 1036.8 26617.2 1.6384e+07
989 1462793075 361823 0.470171 1036.81 27055.4 1.6384e+07
990 1462793077 683189 1.67863 1036.84 22124.7 1.6384e+07
991 1462793077 772163 0.088974 1036.83 33295.1 1.6384e+07
992 1462793078 206112 0.433949 1036.77 26006.9 1.6384e+07
993 1462793080 102948 1.89684 1036.83 19023.6 1.6384e+07
994 1462793080 581154 0.478206 1036.79 33987.4 1.6384e+07
995 1462793081 464058 0.882904 1036.86 19707.5 1.6384e+07
996 1462793082 439773 0.975715 1036.79 32865.5 1.6384e+07
997 1462793082 605205 0.165432 1036.83 62687.2 1.6384e+07
998 1462793083 328071 0.722866 1036.8 25593.9 1.6384e+07
999 1462793083 440319 0.112248 1036.8 27510.1 1.6384e+07
1000 1462793083 833920 0.393601 1036.74 46823.3 1.6384e+07
1001 1462793085 625046 1.79113 1036.71 15425.9 1.6384e+07
1002 1462793086 5322 0.380276 1036.94 14080.3 1.6384e+07
1003 1462793087 687007 0.318315 1036.73 18105.5 1.6384e+07
1004 1462793089 125615 1.43861 1036.75 47927.9 1.6384e+07
1005 1462793089 292416 0.166801 1036.79 63718.8 1.6384e+07
1006 1462793089 853791 0.561375 1036.79 47116.2 1.6384e+07
1007 1462793091 503962 1.65017 1036.8 41430 1.6384e+07
1008 1462793092 676158 0.827804 1036.83 6713.12 1.6384e+07
1009 1462793093 208474 0.532316 1036.94 50531.2 1.6384e+07
1010 1462793097 729528 3.47895 1036.76 55299.1 1.6384e+07
1011 1462793098 233560 0.504032 1036.76 39569 1.6384e+07
1012 1462793098 965137 0.731577 1036.9 3425 1.6384e+07
1013 1462793101 771218 2.80608 1036.82 59309.2 1.6384e+07
1014 1462793102 28425 0.257207 1036.94 63215.7 1.6384e+07
1015 1462793102 285593 0.257168 1036.81 50195 1.6384e+07
1016 1462793102 593617 0.308024 1037.09 63193 1.6384e+07
1017 1462793102 786386 0.192769 1036.86 43250.8 1.6384e+07
1018 1462793103 57080 0.270694 1036.72 23418.2 1.6384e+07
1019 1462793103 673970 0.61689 1036.81 62978.6 1.6384e+07
1020 1462793103 735940 0.06197 1037.07 54860 1.6384e+07
1021 1462793104 88051 0.352111 1036.84 18379.3 1.6384e+07
1022 1462793107 138576 2.94948 1036.81 29580.1 1.6384e+07
1023 1462793107 200754 0.062178 1036.69 47780.8 1.6384e+07
1024 1462793108 5161 0.804407 1036.83 23540.4 1.6384e+07
1025 1462793108 565792 0.560631 1036.8 6046.29 1.6384e+07
1026 1462793109 749026 0.816766 1036.86 22372 1.6384e+07
1027 1462793111 357235 1.60821 1036.88 15472 1.6384e+07
1028 1462793111 762607 0.405372 1036.8 29217.4 1.6384e+07
1029 1462793112 386118 0.623511 1036.9 20295.6 1.6384e+07
1030 1462793114 63350 1.67723 1036.88 7589.26 1.6384e+07
1031 1462793115 302303 0.761047 1036.81 28564.7 1.6384e+07
1032 1462793116 48357 0.746054 1036.91 62396.3 1.6384e+07
1033 1462793117 40082 0.991725 1036.94 62470.5 1.6384e+07
1034 1462793118 248329 0.791753 1036.86 43491.1 1.6384e+07
1035 1462793118 786445 0.538116 1036.96 34708.6 1.6384e+07
1036 1462793118 951178 0.164733 1036.85 46017.4 1.6384e+07
1037 1462793119 285058 0.33388 1036.81 9315.55 1.6384e+07
1038 1462793119 978966 0.693908 1036.83 52461.5 1.6384e+07
1039 1462793120 161382 0.182416 1036.7 3480.71 1.6384e+07
1040 1462793120 434355 0.272973 1036.74 55597.7 1.6384e+07
1041 1462793120 699037 0.264682 1036.67 30171.1 1.6384e+07
1042 1462793120 774347 0.07531 1036.77 45002.2 1.6384e+07
1043 1462793120 838821 0.064474 1036.83 5159.31 1.6384e+07
1044 1462793121 516692 0.677871 1036.78 59036.2 1.6384e+07
1045 1462793121 801987 0.285295 1036.85 38720.8 1.6384e+07
1046 1462793122 780700 0.978713 1036.75 11545.5 1.6384e+07
1047 1462793123 505465 0.724765 1036.9 49420.1 1.6384e+07
1048 1462793123 812752 0.307287 1036.99 24242.2 1.6384e+07
1049 1462793124 937942 0.87481 1036.73 33194.6 1.6384e+07
1050 1462793125 506933 0.568991 1036.75 50836.2 1.6384e+07
1051 1462793126 946966 0.559967 1036.67 40275 1.6384e+07
1052 1462793130 3055 3.05609 1036.96 43693.7 1.6384e+07
1053 1462793130 206780 0.203725 1036.86 62341.2 1.6384e+07
1054 1462793130 299606 0.092826 1036.94 39449.8 1.6384e+07
1055 1462793131 840029 0.459577 1036.89 41927.1 1.6384e+07
1056 1462793132 783790 0.943761 1036.9 41645.6 1.6384e+07
1057 1462793133 209449 0.425659 1036.83 13724.5 1.6384e+07
1058 1462793133 225720 0.016271 1036.73 9550.8 1.6384e+07
1059 1462793133 759338 0.533618 1036.88 27860.1 1.6384e+07
1060 1462793134 832641 0.926697 1036.8 42884.6 1.6384e+07
1061 1462793135 323375 0.490734 1036.93 32666.4 1.6384e+07
1062 1462793136 182235 0.85886 1036.76 46434.2 1.6384e+07
1063 1462793136 253706 0.071471 1036.9 34734.8 1.6384e+07
1064 1462793137 678801 0.574905 1036.83 30679.4 1.6384e+07
1065 1462793138 169923 0.491122 1036.94 30829.3 1.6384e+07
1066 1462793138 223256 0.053333 1036.8 18721.2 1.6384e+07
1067 1462793138 551781 0.328525 1036.8 54932.5 1.6384e+07
1068 1462793139 203600 0.651819 1036.86 19053.5 1.6384e+07
1069 1462793140 11974 0.808374 1037.99 41290.4 1.6384e+07
1070 1462793140 646781 0.634807 1036.72 21270.5 1.6384e+07
1071 1462793141 754638 0.892143 1038.03 28956.6 1.6384e+07
1072 1462793141 997489 0.242851 1036.93 30026.8 1.6384e+07
1073 1462793143 261880 1.26439 1036.76 56323.2 1.6384e+07
1074 1462793144 367339 0.894541 1036.93 12159.1 1.6384e+07
1075 1462793144 539480 0.172141 1036.9 48727.4 1.6384e+07
1076 1462793145 250630 0.71115 1036.89 3256.9 1.6384e+07
1077 1462793145 748918 0.498288 1036.76 29893.6 1.6384e+07
1078 1462793147 472225 1.72331 1036.88 41771.9 1.6384e+07
1079 1462793147 836779 0.364554 1036.8 19741.5 1.6384e+07
1080 1462793148 45652 0.208873 1036.77 39230.9 1.6384e+07
1081 1462793149 241920 0.803732 1036.75 36762.6 1.6384e+07
1082 1462793155 17732 5.77581 1036.58 42953.2 1.6384e+07
1083 1462793155 794191 0.776459 1036.89 37802.9 1.6384e+07
1084 1462793156 465502 0.671311 1037.01 45587.9 1.6384e+07
1085 1462793156 547577 0.082075 1036.87 13162.9 1.6384e+07
1086 1462793158 145385 1.59781 1036.84 37634.8 1.6384e+07
1087 1462793159 330693 0.814692 1036.76 57867.9 1.6384e+07
1088 1462793159 376666 0.045973 1036.8 32556.9 1.6384e+07
1089 1462793159 547613 0.170947 1036.84 36875.1 1.6384e+07
1090 1462793160 62510 0.514897 1036.93 11825.6 1.6384e+07
1091 1462793160 325031 0.262521 1036.9 20394.5 1.6384e+07
1092 1462793160 969197 0.644166 1036.67 21656.9 1.6384e+07
1093 1462793162 117510 1.14831 1036.86 28753.1 1.6384e+07
1094 1462793162 578594 0.461084 1036.82 15758.9 1.6384e+07
1095 1462793162 642692 0.064098 1036.87 13250.5 1.6384e+07
1096 1462793163 524873 0.882181 1036.95 24430.8 1.6384e+07
1097 1462793165 946510 1.57836 1036.81 10283.8 1.6384e+07
1098 1462793166 738068 0.791558 1036.96 46119.3 1.6384e+07
1099 1462793168 522217 1.78415 1036.86 53167.5 1.6384e+07
1100 1462793170 358408 1.83619 1036.86 28026.4 1.6384e+07
1101 1462793170 601605 0.243197 1036.88 38493.2 1.6384e+07
1102 1462793170 690437 0.088832 1036.99 55141.7 1.6384e+07
1103 1462793170 705407 0.01497 1036.86 19593.2 1.6384e+07
1104 1462793172 240754 1.53535 1036.77 39255.6 1.6384e+07
1105 1462793173 208972 0.968218 1036.83 17579.7 1.6384e+07
1106 1462793173 273016 0.064044 1036.86 29016.3 1.6384e+07
1107 1462793173 407676 0.13466 1036.74 18104.5 1.6384e+07
1108 1462793173 732285 0.324609 1036.99 15658.4 1.6384e+07
1109 1462793174 103335 0.37105 1036.84 12904.2 1.6384e+07
1110 1462793174 265833 0.162498 1036.95 14631.2 1.6384e+07
1111 1462793174 802666 0.536833 1036.72 40926.1 1.6384e+07
1112 1462793175 162551 0.359885 1036.88 26682.8 1.6384e+07
1113 1462793177 225071 1.93748 1036.82 32228.3 1.6384e+07
1114 1462793177 240091 0.01502 1036.77 5133.63 1.6384e+07
1115 1462793177 373645 0.133554 1036.88 33400.7 1.6384e+07
1116 1462793177 947982 0.574337 1036.93 16401.1 1.6384e+07
1117 1462793178 704473 0.756491 1036.88 28345 1.6384e+07
1118 1462793179 194623 0.49015 1036.67 30016.4 1.6384e+07
1119 1462793179 392795 0.198172 1036.65 40236 1.6384e+07
1120 1462793181 454550 1.93824 1036.93 5125.88 1.6384e+07
1121 1462793184 618807 2.83574 1036.8 14142.9 1.6384e+07
1122 1462793185 81720 0.462913 1036.87 9928.03 1.6384e+07
1123 1462793185 219638 0.137918 1036.83 3525.09 1.6384e+07
1124 1462793185 481880 0.262242 1036.84 31709.9 1.6384e+07
1125 1462793185 527907 0.046027 1036.8 35030.3 1.6384e+07
1126 1462793186 882180 0.645727 1036.87 29752.7 1.6384e+07
1127 1462793187 19971 0.137791 1036.84 18430.6 1.6384e+07
1128 1462793187 250266 0.230295 1036.87 27339.1 1.6384e+07
1129 1462793187 381732 0.131466 1036.82 36356.5 1.6384e+07
1130 1462793187 476126 0.094394 1036.93 24544.2 1.6384e+07
1131 1462793188 380644 0.904518 1036.76 46743.2 1.6384e+07
1132 1462793188 644018 0.263374 1036.87 11625.7 1.6384e+07
1133 1462793188 993610 0.349592 1036.87 19082.2 1.6384e+07
1134 1462793189 390580 0.39697 1036.89 13002.5 1.6384e+07
1135 1462793189 693099 0.302519 1036.78 47368.9 1.6384e+07
1136 1462793189 758527 0.065428 1036.91 50166.2 1.6384e+07
1137 1462793190 129425 0.370898 1036.8 13693.3 1.6384e+07
1138 1462793190 380820 0.251395 1036.82 10071.7 1.6384e+07
1139 1462793190 925756 0.544936 1036.82 34314.3 1.6384e+07
1140 1462793192 52024 1.12627 1036.82 26423.4 1.6384e+07
1141 1462793193 509196 0.542828 1036.73 25236.7 1.6384e+07
1142 1462793193 796372 0.287176 1036.89 3429.59 1.6384e+07
1143 1462793194 996951 0.799421 1036.82 28766.2 1.6384e+07
1144 1462793195 850751 0.8538 1036.77 9283 1.6384e+07
1145 1462793196 359693 0.508942 1036.87 11158.4 1.6384e+07
1146 1462793197 239148 0.879455 1036.93 60550.6 1.6384e+07
1147 1462793197 278798 0.03965 1036.87 56288 1.6384e+07
1148 1462793198 746944 0.531854 1036.93 48237.7 1.6384e+07
1149 1462793198 769821 0.022877 1036.8 34559.8 1.6384e+07
1150 1462793199 789773 0.980048 1036.76 54976.9 1.6384e+07
1151 1462793201 477054 1.68728 1036.84 42061.6 1.6384e+07
1152 1462793201 514726 0.037672 1036.82 17778.7 1.6384e+07
1153 1462793201 555032 0.040306 1036.8 56331.4 1.6384e+07
1154 1462793201 636040 0.081008 1036.87 52649.8 1.6384e+07
1155 1462793202 829500 0.80654 1036.82 56281.2 1.6384e+07
1156 1462793203 72677 0.243177 1036.95 3510.77 1.6384e+07
1157 1462793203 97908 0.025231 1036.88 22562.3 1.6384e+07
1158 1462793204 755742 0.342166 1036.78 27147.9 1.6384e+07
1159 1462793204 774392 0.01865 1036.89 11406.1 1.6384e+07
1160 1462793205 36890 0.262498 1036.79 61088.4 1.6384e+07
1161 1462793206 408188 0.628702 1036.84 22370.1 1.6384e+07
1162 1462793207 37333 0.629145 1036.78 13952.3 1.6384e+07
1163 1462793207 577966 0.540633 1036.7 62794.7 1.6384e+07
1164 1462793208 924011 0.653955 1036.82 14072.1 1.6384e+07
1165 1462793209 375362 0.451351 1036.87 47201.2 1.6384e+07
1166 1462793209 500335 0.124973 1036.95 2901.89 1.6384e+07
1167 1462793213 89652 3.58932 1036.91 24912.6 1.6384e+07
1168 1462793213 470945 0.381293 1036.82 44590.1 1.6384e+07
1169 1462793213 494597 0.023652 1036.91 18019.4 1.6384e+07
1170 1462793213 638852 0.144255 1036.87 32250 1.6384e+07
1171 1462793214 292899 0.654047 1036.74 49864.3 1.6384e+07
1172 1462793214 460510 0.167611 1036.95 29311.4 1.6384e+07
1173 1462793215 800943 0.659567 1036.93 23156 1.6384e+07
1174 1462793216 786975 0.986032 1036.78 6062.89 1.6384e+07
1175 1462793218 621692 1.83472 1036.82 22231.6 1.6384e+07
1176 1462793220 76020 1.45433 1036.76 29897.8 1.6384e+07
1177 1462793221 482498 0.593522 1036.78 21072.5 1.6384e+07
1178 1462793221 642366 0.159868 1036.91 21741.1 1.6384e+07
1179 1462793223 643152 1.99921 1036.91 46194.5 1.6384e+07
1180 1462793224 690326 0.952826 1036.89 35229.1 1.6384e+07
1181 1462793225 434960 0.744634 1036.8 7706.73 1.6384e+07
1182 1462793226 627532 0.807428 1036.89 33493.9 1.6384e+07
1183 1462793226 898914 0.271382 1036.84 31350.1 1.6384e+07
1184 1462793227 947207 0.951707 1036.93 31884 1.6384e+07
1185 1462793228 340231 0.393024 1036.91 4454.64 1.6384e+07
1186 1462793228 461050 0.120819 1036.93 16635.1 1.6384e+07
1187 1462793230 665799 1.79525 1036.8 61517.1 1.6384e+07
1188 1462793231 316901 0.651102 1036.97 12772.8 1.6384e+07
1189 1462793232 80088 0.763187 1036.82 52336.3 1.6384e+07
1190 1462793232 692533 0.612445 1036.95 10119.8 1.6384e+07
1191 1462793232 842952 0.150419 1036.87 28531.9 1.6384e+07
1192 1462793232 983772 0.14082 1036.78 51167.2 1.6384e+07
1193 1462793233 58364 0.074592 1036.8 32536.8 1.6384e+07
1194 1462793233 823903 0.765539 1036.91 43796.1 1.6384e+07
1195 1462793235 108430 1.28453 1036.9 20862.1 1.6384e+07
1196 1462793237 20504 1.91207 1036.8 61189.6 1.6384e+07
1197 1462793237 463647 0.443143 1036.82 10351.5 1.6384e+07
1198 1462793237 675695 0.212048 1036.87 26994.1 1.6384e+07
1199 1462793237 888857 0.213162 1036.87 42138 1.6384e+07
1200 1462793238 1038 0.112181 1036.89 15433.3 1.6384e+07
1201 1462793238 429943 0.428905 1036.82 29128.3 1.6384e+07
1202 1462793238 964993 0.53505 1036.84 30613.6 1.6384e+07
1203 1462793239 166788 0.201795 1036.93 30615.2 1.6384e+07
1204 1462793239 269528 0.10274 1036.93 22137.1 1.6384e+07
1205 1462793240 971661 0.297867 1036.67 58317.9 1.6384e+07
1206 1462793241 165121 0.19346 1036.92 63041.3 1.6384e+07
1207 1462793241 440933 0.275812 1036.99 39899.9 1.6384e+07
1208 1462793243 499749 1.94118 1036.95 46199.2 1.6384e+07
1209 1462793243 647817 0.148068 1036.97 24674.9 1.6384e+07
1210 1462793243 771490 0.123673 1036.93 34550.6 1.6384e+07
1211 1462793245 495144 1.72365 1036.95 46906 1.6384e+07
1212 1462793246 996080 0.499064 1036.82 26452.1 1.6384e+07
1213 1462793247 393961 0.397881 1036.93 30198.5 1.6384e+07
1214 1462793247 620709 0.226748 1036.93 22540.2 1.6384e+07
1215 1462793249 647341 1.97337 1032 51930.1 1.6384e+07
1216 1462793250 374643 0.727302 1036.95 54487.2 1.6384e+07
1217 1462793251 199389 0.824746 1036.87 43384.7 1.6384e+07
1218 1462793251 820556 0.621167 1036.89 6878.18 1.6384e+07
1219 1462793251 907155 0.086599 1036.82 5996.24 1.6384e+07
1220 1462793252 398429 0.491274 1036.89 10154.9 1.6384e+07
1221 1462793253 491064 0.907365 1036.82 51332 1.6384e+07
1222 1462793255 143862 1.6528 1036.8 63033 1.6384e+07
1223 1462793255 154841 0.010979 1036.89 11814.9 1.6384e+07
1224 1462793255 805981 0.65114 1036.82 50795.8 1.6384e+07
1225 1462793256 299931 0.49395 1036.69 17377.6 1.6384e+07
1226 1462793256 485131 0.1852 1036.91 49959.3 1.6384e+07
1227 1462793256 929163 0.444032 1036.93 63185.7 1.6384e+07
1228 1462793257 972624 0.956539 1036.87 25073.1 1.6384e+07
1229 1462793259 373151 1.40053 1036.91 56275.5 1.6384e+07
1230 1462793260 87701 0.71455 1036.99 27290 1.6384e+07
1231 1462793260 575014 0.487313 1036.95 62193.4 1.6384e+07
1232 1462793260 770284 0.19527 1037.02 37963.2 1.6384e+07
1233 1462793260 992924 0.22264 1036.93 25921.1 1.6384e+07
1234 1462793262 31675 1.03875 1036.76 14539 1.6384e+07
1235 1462793262 239422 0.207747 1036.93 6967.08 1.6384e+07
1236 1462793262 822903 0.583481 1036.91 40545.5 1.6384e+07
1237 1462793263 575915 0.753012 1036.95 16154.4 1.6384e+07
1238 1462793264 268903 0.692988 1036.87 18396.3 1.6384e+07
1239 1462793266 495823 1.77308 1036.77 19547.6 1.6384e+07
1240 1462793266 793280 0.297457 1036.92 58767.2 1.6384e+07
1241 1462793267 946329 0.846951 1036.95 27673.7 1.6384e+07
1242 1462793268 375707 0.429378 1036.93 30872 1.6384e+07
1243 1462793269 304842 0.929135 1036.78 32055 1.6384e+07
1244 1462793270 676960 0.627882 1036.99 51604.4 1.6384e+07
1245 1462793270 743460 0.0665 1036.76 42220.9 1.6384e+07
1246 1462793272 650479 1.90702 1036.91 2640.33 1.6384e+07
1247 1462793272 881547 0.231068 1036.7 28075.8 1.6384e+07
1248 1462793272 949584 0.068037 1036.97 16562.3 1.6384e+07
1249 1462793274 302576 1.35299 1036.87 37100.5 1.6384e+07
1250 1462793274 739628 0.437052 1036.87 20733.3 1.6384e+07
1251 1462793274 943716 0.204088 1037.04 54957.8 1.6384e+07
1252 1462793275 423294 0.479578 1036.76 25391.5 1.6384e+07
1253 1462793275 509800 0.086506 1036.64 48025 1.6384e+07
1254 1462793275 979775 0.469975 1036.91 20939.5 1.6384e+07
1255 1462793276 160421 0.180646 1036.97 5182.79 1.6384e+07
1256 1462793276 432149 0.271728 1036.84 57003.4 1.6384e+07
1257 1462793277 162273 0.730124 1036.93 23245.8 1.6384e+07
1258 1462793277 648340 0.486067 1036.85 37422.8 1.6384e+07
1259 1462793278 681331 0.967009 1036.91 43252.8 1.6384e+07
1260 1462793279 590009 0.908678 1036.91 23580.9 1.6384e+07
1261 1462793279 671956 0.081947 1036.89 30919 1.6384e+07
1262 1462793280 137325 0.465369 1036.8 9911.64 1.6384e+07
1263 1462793281 312557 0.824768 1036.87 5015.61 1.6384e+07
1264 1462793281 945769 0.633212 1036.91 6666.83 1.6384e+07
1265 1462793282 425349 0.47958 1036.74 23144.8 1.6384e+07
1266 1462793282 714979 0.28963 1036.91 50255.5 1.6384e+07
1267 1462793282 818909 0.10393 1036.89 22793.8 1.6384e+07
1268 1462793284 607877 1.78897 1037.06 27776.7 1.6384e+07
1269 1462793284 823810 0.215933 1036.97 19344.7 1.6384e+07
1270 1462793284 949533 0.125723 1036.93 63497 1.6384e+07
1271 1462793285 25508 0.075975 1036.93 26556.1 1.6384e+07
1272 1462793285 341661 0.316153 1036.84 41768.6 1.6384e+07
1273 1462793285 647957 0.306296 1036.9 31636.4 1.6384e+07
1274 1462793286 408115 0.760158 1036.93 11789.2 1.6384e+07
1275 1462793286 553926 0.145811 1036.8 8656.3 1.6384e+07
1276 1462793286 575033 0.021107 1036.79 4052.9 1.6384e+07
1277 1462793286 588378 0.013345 1036.89 26865.8 1.6384e+07
1278 1462793288 530987 1.94261 1036.84 21532.1 1.6384e+07
1279 1462793289 921634 0.609353 1036.87 39814.7 1.6384e+07
1280 1462793290 222366 0.300732 1036.91 31726.8 1.6384e+07
1281 1462793290 872297 0.649931 1036.8 50713.4 1.6384e+07
1282 1462793290 939330 0.067033 1036.87 48290 1.6384e+07
1283 1462793292 697803 1.75847 1037.04 54164.1 1.6384e+07
1284 1462793293 124236 0.426433 1036.84 52638.9 1.6384e+07
1285 1462793293 758925 0.634689 1036.89 3173.81 1.6384e+07
1286 1462793293 884030 0.125105 1036.82 20457.8 1.6384e+07
1287 1462793294 430351 0.546321 1036.82 20916.5 1.6384e+07
1288 1462793296 474681 1.95567 1036.89 12523.5 1.6384e+07
1289 1462793297 567001 0.90768 1036.95 54042.9 1.6384e+07
1290 1462793300 661893 2.90511 1036.87 59674.3 1.6384e+07
1291 1462793300 993683 0.33179 1036.87 14936.9 1.6384e+07
1292 1462793301 460195 0.466512 1036.87 16369 1.6384e+07
1293 1462793301 797652 0.337457 1036.93 61127.3 1.6384e+07
1294 1462793302 555631 0.757979 1036.93 19480 1.6384e+07
1295 1462793302 749035 0.193404 1036.8 47236.3 1.6384e+07
1296 1462793303 292164 0.543129 1036.82 42835.1 1.6384e+07
1297 1462793303 346790 0.054626 1036.78 2893.84 1.6384e+07
1298 1462793303 612616 0.265826 1036.79 63100.4 1.6384e+07
1299 1462793303 702703 0.090087 1036.87 24466.9 1.6384e+07
1300 1462793304 365413 0.66271 1036.89 32027.8 1.6384e+07
1301 1462793304 753077 0.387664 1036.89 51620.1 1.6384e+07
1302 1462793305 989082 0.763995 1036.91 3218.64 1.6384e+07
1303 1462793306 58852 0.06977 1036.97 21517.5 1.6384e+07
1304 1462793306 559140 0.500288 1036.74 38529.2 1.6384e+07
1305 1462793307 621836 0.937304 1036.84 8418.71 1.6384e+07
1306 1462793308 720870 0.900966 1036.79 27667 1.6384e+07
1307 1462793309 205379 0.484509 1036.8 3011.12 1.6384e+07
