2 1462791223 966972 0.00703279 
3 1462791226 141618 0.0138537 
4 1462791226 737844 0.0206951 
5 1462791229 319243 0.0271107 
6 1462791230 732439 0.0337541 
7 1462791232 892039 0.0400079 
8 1462791234 490493 0.0461836 
9 1462791235 469804 0.0524424 
10 1462791237 602840 0.0582844 
11 1462791237 886448 0.0646417 
12 1462791238 870107 0.0706566 
13 1462791241 809542 0.0756516 
14 1462791242 507338 0.0815969 
15 1462791244 538154 0.0868007 
16 1462791245 11088 0.0927289 
17 1462791249 149077 0.0966044 
18 1462791249 724023 0.102287 
19 1462791251 241733 0.107324 
20 1462791251 564253 0.113069 
21 1462791255 300422 0.116431 
22 1462791255 846456 0.121865 
23 1462791257 66620 0.126771 
24 1462791257 428476 0.132257 
25 1462791264 493275 0.132715 
26 1462791265 637449 0.137594 
27 1462791269 818185 0.140151 
28 1462791271 411548 0.144302 
29 1462791271 552179 0.149535 
30 1462791273 448067 0.153323 
31 1462791278 346971 0.154605 
32 1462791278 718183 0.159454 
33 1462791279 937187 0.163939 
34 1462791280 390551 0.16867 
35 1462791285 92893 0.169703 
36 1462791287 26981 0.173024 
37 1462791287 328714 0.177702 
38 1462791288 716450 0.182088 
39 1462791290 306270 0.185558 
40 1462791292 644396 0.188908 
41 1462791295 393804 0.191205 
42 1462791297 803476 0.194507 
43 1462791298 378516 0.198709 
44 1462791299 152631 0.202697 
45 1462791300 756940 0.207025 
46 1462791301 26459 0.211462 
47 1462791301 59243 0.216128 
48 1462791303 65035 0.218776 
49 1462791306 199840 0.220491 
50 1462791307 866237 0.22474 
51 1462791308 764013 0.228386 
52 1462791309 798009 0.23193 
53 1462791311 726363 0.234422 
54 1462791312 119358 0.238508 
55 1462791312 949438 0.242103 
56 1462791313 908132 0.245531 
57 1462791315 78801 0.248696 
58 1462791315 873463 0.252247 
59 1462791315 895614 0.256647 
60 1462791317 533012 0.259194 
61 1462791318 184505 0.262835 
62 1462791319 870705 0.266849 
63 1462791324 410085 0.265942 
64 1462791324 923179 0.269638 
65 1462791325 470776 0.273278 
66 1462791325 498794 0.277514 
67 1462791326 640982 0.280756 
68 1462791328 398713 0.282894 
69 1462791328 498430 0.286996 
70 1462791333 194596 0.285556 
71 1462791335 349694 0.2875 
72 1462791336 759900 0.290902 
73 1462791339 720927 0.291463 
74 1462791340 483697 0.294602 
75 1462791347 35589 0.290945 
76 1462791354 720422 0.287732 
77 1462791354 845801 0.291428 
78 1462791361 740396 0.287658 
79 1462791364 485965 0.288435 
80 1462791380 992729 0.276303 
81 1462791394 74830 0.267559 
82 1462791395 200959 0.270114 
83 1462791399 249467 0.269892 
84 1462791400 167033 0.272361 
85 1462791401 97500 0.274803 
86 1462791403 172294 0.276334 
87 1462791405 1449 0.277932 
88 1462791407 273631 0.279603 
89 1462791409 208901 0.281069 
90 1462791417 889772 0.277769 
91 1462791418 94812 0.28071 
92 1462791421 603570 0.281641 
93 1462791422 85684 0.284312 
94 1462791426 668252 0.284399 
95 1462791426 693743 0.287434 
96 1462791428 100032 0.289248 
97 1462791428 256318 0.292154 
98 1462791429 547452 0.294562 
99 1462791431 124588 0.29618 
100 1462791431 344505 0.299004 
101 1462791431 584721 0.301805 
102 1462791431 784296 0.304639 
103 1462791440 915610 0.29964 
104 1462791442 609921 0.301079 
105 1462791442 897616 0.303747 
106 1462791445 424746 0.304421 
107 1462791451 56017 0.302383 
108 1462791455 463836 0.30214 
109 1462791456 332382 0.304217 
110 1462791460 80111 0.303827 
111 1462791464 453179 0.303545 
112 1462791465 157283 0.305711 
113 1462791465 798848 0.307921 
114 1462791466 136957 0.310382 
115 1462791466 955373 0.312426 
116 1462791466 972068 0.315152 
117 1462791467 171790 0.317719 
118 1462791471 719039 0.317456 
119 1462791472 244166 0.319713 
120 1462791472 366338 0.322316 
121 1462791472 610426 0.32481 
122 1462791473 183894 0.327009 
123 1462791478 138515 0.325355 
124 1462791478 368460 0.327821 
125 1462791480 926048 0.329221 
126 1462791481 426698 0.331435 
127 1462791481 612233 0.333922 
128 1462791485 633788 0.333061 
129 1462791485 872749 0.335473 
130 1462791486 641339 0.337414 
131 1462791491 964660 0.335921 
132 1462791494 353470 0.336428 
133 1462791495 759405 0.33848 
134 1462791496 456017 0.340436 
135 1462791498 468958 0.34126 
136 1462791498 866566 0.343459 
137 1462791498 998118 0.345887 
138 1462791499 268256 0.348191 
139 1462791499 912829 0.350159 
140 1462791502 608233 0.350301 
141 1462791503 633334 0.351956 
142 1462791513 755289 0.345881 
143 1462791515 21438 0.347255 
144 1462791517 779997 0.348642 
145 1462791518 979643 0.350397 
146 1462791519 645923 0.352259 
147 1462791530 70671 0.345927 
148 1462791532 978153 0.347398 
149 1462791533 969574 0.348943 
150 1462791537 436606 0.348453 
151 1462791545 315961 0.344444 
152 1462791546 420256 0.346029 
153 1462791548 303230 0.346824 
154 1462791549 455056 0.348431 
155 1462791549 530450 0.350648 
156 1462791550 314124 0.352297 
157 1462791550 970151 0.354042 
158 1462791557 970310 0.350739 
159 1462791571 191628 0.342847 
160 1462791578 688733 0.340216 
161 1462791591 498376 0.333222 
162 1462791598 951760 0.330795 
163 1462791604 398081 0.329166 
164 1462791605 76747 0.330742 
165 1462791606 652630 0.332485 
166 1462791607 14192 0.334267 
167 1462791610 198159 0.334385 
168 1462791612 219778 0.335065 
169 1462791615 764293 0.335418 
170 1462791616 570368 0.336873 
171 1462791617 386975 0.338315 
172 1462791617 425186 0.34028 
173 1462791619 765600 0.341143 
174 1462791619 809137 0.343097 
175 1462791634 602317 0.335244 
176 1462791637 949530 0.335457 
177 1462791639 204763 0.336564 
178 1462791648 912520 0.333192 
179 1462791650 436783 0.334116 
180 1462791651 28182 0.335621 
181 1462791653 679974 0.336645 
182 1462791657 92801 0.336368 
183 1462791658 649573 0.337948 
184 1462791662 29638 0.337685 
185 1462791663 419368 0.339149 
186 1462791664 406637 0.340373 
187 1462791664 587106 0.342099 
188 1462791665 238627 0.343526 
189 1462791665 548804 0.345167 
190 1462791668 642699 0.345161 
191 1462791669 131745 0.346678 
192 1462791670 247629 0.347941 
193 1462791670 328235 0.349711 
194 1462791670 358403 0.351514 
195 1462791679 680437 0.347837 
196 1462791680 877626 0.349128 
197 1462791682 946309 0.349709 
198 1462791683 170754 0.351352 
199 1462791686 610385 0.351531 
200 1462791686 683732 0.35326 
201 1462791687 14232 0.354827 
202 1462791687 408567 0.356352 
203 1462791693 709680 0.354543 
204 1462791694 382382 0.355878 
205 1462791695 423158 0.35703 
206 1462791700 991108 0.356019 
207 1462791701 277723 0.357578 
208 1462791711 401435 0.353257 
209 1462791712 407774 0.354363 
210 1462791713 395250 0.355469 
211 1462791714 192599 0.356686 
212 1462791716 603831 0.35742 
213 1462791717 820033 0.358638 
214 1462791719 985232 0.359214 
215 1462791722 33295 0.359658 
216 1462791723 41539 0.360738 
217 1462791725 371451 0.361403 
218 1462791725 533516 0.362978 
219 1462791727 307 0.363758 
220 1462791727 128677 0.365348 
221 1462791727 427077 0.366834 
222 1462791731 732549 0.366245 
223 1462791733 59705 0.367095 
224 1462791734 624148 0.368483 
225 1462791735 69596 0.369863 
226 1462791736 350051 0.371074 
227 1462791737 939151 0.37247 
228 1462791740 986084 0.372307 
229 1462791741 479477 0.373644 
230 1462791741 639430 0.375185 
231 1462791749 86234 0.372281 
232 1462791752 456329 0.372315 
233 1462791758 624851 0.370445 
234 1462791759 209864 0.371694 
235 1462791760 756497 0.37302 
236 1462791761 473524 0.374186 
237 1462791762 663684 0.375295 
238 1462791763 23110 0.376669 
239 1462791766 18628 0.376467 
240 1462791772 420253 0.37473 
241 1462791776 12658 0.37419 
242 1462791777 187052 0.375266 
243 1462791779 239302 0.375684 
244 1462791780 465129 0.376784 
245 1462791787 557399 0.374325 
246 1462791787 912439 0.375654 
247 1462791790 214986 0.375861 
248 1462791795 349078 0.374603 
249 1462791797 320604 0.374999 
250 1462791800 939968 0.37516 
251 1462791804 728225 0.374529 
252 1462791806 756661 0.37492 
253 1462791809 141061 0.375078 
254 1462791816 583084 0.372926 
255 1462791817 535475 0.373875 
256 1462791821 671112 0.373224 
257 1462791823 350175 0.37377 
258 1462791825 332446 0.374147 
259 1462791828 130711 0.374079 
260 1462791828 794464 0.375167 
261 1462791832 911704 0.37451 
262 1462791833 691790 0.375528 
263 1462791835 982175 0.376042 
264 1462791838 197280 0.376281 
265 1462791839 908152 0.377555 
266 1462791841 733376 0.377999 
267 1462791852 35123 0.373931 
268 1462791855 802865 0.374162 
269 1462791861 155199 0.372768 
270 1462791861 967780 0.373736 
271 1462791862 169796 0.37502 
272 1462791864 774067 0.375681 
273 1462791865 716551 0.376575 
274 1462791869 401101 0.376041 
275 1462791870 208884 0.376999 
276 1462791870 564218 0.37819 
277 1462791871 379555 0.37914 
278 1462791873 152574 0.37959 
279 1462791874 111040 0.38046 
280 1462791874 838884 0.381449 
281 1462791876 149170 0.382132 
282 1462791877 121374 0.382988 
283 1462791877 947600 0.383919 
284 1462791880 953794 0.383716 
285 1462791883 549063 0.383722 
286 1462791890 309814 0.381587 
287 1462791890 596872 0.382779 
288 1462791890 741598 0.384043 
289 1462791891 276274 0.385106 
290 1462791906 271613 0.378846 
291 1462791906 945393 0.379822 
292 1462791909 571208 0.379825 
293 1462791910 710822 0.380703 
294 1462791912 251327 0.381241 
295 1462791918 511842 0.379707 
296 1462791921 90760 0.379733 
297 1462791922 238310 0.380603 
298 1462791924 706144 0.381138 
299 1462791926 297621 0.381642 
300 1462791927 294043 0.382434 
301 1462791933 191693 0.380841 
302 1462791935 662446 0.38137 
303 1462791935 758654 0.38259 
304 1462791942 714687 0.380504 
305 1462791942 964097 0.38164 
306 1462791943 41818 0.382858 
307 1462791945 18462 0.383163 
308 1462791945 49150 0.3844 
309 1462791947 262863 0.384792 
310 1462791950 314472 0.384624 
311 1462791954 684248 0.384133 
312 1462791955 862426 0.38498 
313 1462791958 702582 0.384865 
314 1462791960 912047 0.385248 
315 1462791962 526248 0.385712 
316 1462791967 51771 0.384801 
317 1462791967 383929 0.385866 
318 1462791969 681268 0.386284 
319 1462791969 910117 0.387395 
320 1462791969 960870 0.388589 
321 1462791972 103953 0.388792 
322 1462791972 190117 0.389966 
323 1462791972 447727 0.391059 
324 1462791974 221235 0.39143 
325 1462791977 297452 0.391256 
326 1462791980 90827 0.391144 
327 1462791981 609661 0.39212 
328 1462791986 484895 0.39103 
329 1462791988 55438 0.391491 
330 1462791993 970170 0.390779 
331 1462792001 59572 0.388694 
332 1462792002 754029 0.389731 
333 1462792003 443837 0.390591 
334 1462792005 520431 0.390883 
335 1462792025 703554 0.383145 
336 1462792026 345722 0.384009 
337 1462792029 126658 0.383931 
338 1462792031 842604 0.38451 
339 1462792032 554647 0.385338 
340 1462792033 98814 0.386238 
341 1462792035 521875 0.386683 
342 1462792036 197202 0.387522 
343 1462792039 475711 0.387461 
344 1462792041 799746 0.387857 
345 1462792041 922263 0.388934 
346 1462792048 166020 0.38733 
347 1462792053 976038 0.386634 
348 1462792054 138713 0.387681 
349 1462792054 508402 0.388638 
350 1462792058 899803 0.38819 
351 1462792061 122974 0.388342 
352 1462792065 590810 0.387931 
353 1462792066 147762 0.388797 
354 1462792070 16950 0.388243 
355 1462792070 382411 0.389186 
356 1462792071 103189 0.389976 
357 1462792072 274616 0.390719 
358 1462792081 400435 0.388037 
359 1462792086 88634 0.387152 
360 1462792086 543809 0.388042 
361 1462792087 363843 0.388778 
362 1462792087 614072 0.389753 
363 1462792091 94189 0.38937 
364 1462792093 581198 0.389811 
365 1462792093 681143 0.390843 
366 1462792094 86623 0.391746 
367 1462792095 690097 0.392652 
368 1462792095 823072 0.393669 
369 1462792096 619744 0.394404 
370 1462792097 846403 0.395149 
371 1462792104 94361 0.393586 
372 1462792105 367875 0.394345 
373 1462792106 522373 0.395053 
374 1462792107 109740 0.395868 
375 1462792107 444091 0.396789 
376 1462792108 472765 0.39744 
377 1462792108 747726 0.398384 
378 1462792109 413388 0.399162 
379 1462792113 887001 0.398732 
380 1462792125 297540 0.395032 
381 1462792126 766445 0.395855 
382 1462792129 835044 0.395688 
383 1462792131 522910 0.396033 
384 1462792135 25354 0.395633 
385 1462792136 498297 0.39645 
386 1462792137 933445 0.397251 
387 1462792138 312943 0.398127 
388 1462792138 343146 0.399146 
389 1462792138 937777 0.399932 
390 1462792140 658231 0.400253 
391 1462792145 188990 0.39942 
392 1462792146 607279 0.400205 
393 1462792149 82582 0.400215 
394 1462792152 89441 0.400014 
395 1462792154 72837 0.400223 
396 1462792159 224878 0.399273 
397 1462792163 250470 0.398682 
398 1462792166 450869 0.398565 
399 1462792166 633424 0.399496 
400 1462792170 419746 0.398984 
401 1462792171 218620 0.399664 
402 1462792171 504787 0.400549 
403 1462792172 889584 0.401301 
404 1462792175 717232 0.401167 
405 1462792175 808570 0.402126 
406 1462792176 533493 0.402831 
407 1462792177 449273 0.403458 
408 1462792179 731061 0.403762 
409 1462792180 633791 0.404392 
410 1462792183 131901 0.404382 
411 1462792184 801433 0.405238 
412 1462792185 655860 0.405884 
413 1462792187 265134 0.406226 
414 1462792188 677501 0.406976 
415 1462792189 66696 0.407805 
416 1462792190 579826 0.408594 
417 1462792192 864347 0.408888 
418 1462792194 535662 0.409199 
419 1462792194 567905 0.410167 
420 1462792195 628401 0.41077 
421 1462792198 731268 0.410584 
422 1462792198 818267 0.411526 
423 1462792199 940932 0.41215 
424 1462792202 669874 0.412029 
425 1462792206 855770 0.411474 
426 1462792207 377276 0.412236 
427 1462792207 947022 0.412978 
428 1462792209 110846 0.413481 
429 1462792209 921596 0.414124 
430 1462792213 773192 0.41355 
431 1462792221 478465 0.411458 
432 1462792224 256803 0.411322 
433 1462792227 350484 0.411136 
434 1462792227 991397 0.411836 
435 1462792228 261769 0.412681 
436 1462792229 827231 0.413461 
437 1462792233 227035 0.413077 
438 1462792233 920977 0.413752 
439 1462792234 631054 0.41442 
440 1462792237 83044 0.414405 
441 1462792237 941742 0.415013 
442 1462792241 687054 0.414492 
443 1462792242 863121 0.41511 
444 1462792250 793833 0.412973 
445 1462792252 506498 0.413246 
446 1462792253 214406 0.413904 
447 1462792254 342557 0.414498 
448 1462792264 289882 0.411622 
449 1462792266 35132 0.411881 
450 1462792266 629054 0.412575 
451 1462792267 315798 0.413233 
452 1462792270 426949 0.413055 
453 1462792271 263275 0.413654 
454 1462792271 421623 0.41451 
455 1462792273 325796 0.414702 
456 1462792274 861206 0.415439 
457 1462792275 799715 0.415996 
458 1462792277 769076 0.41616 
459 1462792281 581364 0.415628 
460 1462792282 317562 0.416257 
461 1462792283 929711 0.417018 
462 1462792285 41505 0.417503 
463 1462792289 375089 0.417024 
464 1462792290 569019 0.417623 
465 1462792293 316604 0.41749 
466 1462792299 732213 0.416298 
467 1462792299 898907 0.417131 
468 1462792301 15003 0.417609 
469 1462792305 835298 0.417317 
470 1462792306 249774 0.418054 
471 1462792307 195358 0.418593 
472 1462792308 8301 0.41918 
473 1462792313 907176 0.418542 
474 1462792315 155016 0.418965 
475 1462792315 310927 0.419793 
476 1462792316 690637 0.420448 
477 1462792320 377961 0.419962 
478 1462792322 793778 0.420257 
479 1462792324 918352 0.420444 
480 1462792325 25547 0.421283 
481 1462792325 229036 0.422087 
482 1462792330 670059 0.421278 
483 1462792331 400656 0.421884 
484 1462792332 46469 0.42252 
485 1462792333 142112 0.42306 
486 1462792334 67809 0.423592 
487 1462792334 689123 0.424235 
488 1462792339 385597 0.423372 
489 1462792339 582092 0.424169 
490 1462792341 955764 0.424438 
491 1462792343 270599 0.424821 
492 1462792349 410892 0.423537 
493 1462792349 486496 0.424372 
494 1462792350 177811 0.424981 
495 1462792358 444036 0.423022 
496 1462792362 659387 0.422509 
497 1462792365 588179 0.422307 
498 1462792365 630539 0.423144 
499 1462792366 386719 0.423722 
500 1462792370 81395 0.423242 
501 1462792376 810893 0.422203 
502 1462792380 765684 0.42164 
503 1462792384 872263 0.421101 
504 1462792387 475683 0.421021 
505 1462792389 71095 0.421295 
506 1462792390 752382 0.422019 
507 1462792390 800927 0.422837 
508 1462792391 180916 0.423538 
509 1462792393 203625 0.423674 
510 1462792395 80474 0.423844 
511 1462792396 137633 0.424344 
512 1462792398 362804 0.424549 
513 1462792401 112099 0.424411 
514 1462792405 27364 0.423864 
515 1462792405 340191 0.42458 
516 1462792406 669691 0.425171 
517 1462792408 662215 0.425297 
518 1462792410 389742 0.425515 
519 1462792412 82918 0.425745 
520 1462792413 891511 0.4265 
521 1462792414 722773 0.42703 
522 1462792417 898575 0.426861 
523 1462792424 273670 0.425458 
524 1462792426 805257 0.425764 
525 1462792430 25931 0.425462 
526 1462792430 318985 0.426173 
527 1462792433 377584 0.425967 
528 1462792433 847424 0.426615 
529 1462792434 803950 0.427094 
530 1462792436 173721 0.427429 
531 1462792437 255127 0.427919 
532 1462792438 891508 0.428601 
533 1462792439 247801 0.429285 
534 1462792441 410530 0.429455 
535 1462792444 472604 0.429244 
536 1462792446 2608 0.42952 
537 1462792446 587900 0.430121 
538 1462792448 975169 0.430366 
539 1462792452 890582 0.429819 
540 1462792453 982908 0.430306 
541 1462792455 881295 0.430452 
542 1462792457 724747 0.430616 
543 1462792458 40442 0.431304 
544 1462792459 116914 0.431782 
545 1462792459 687310 0.432381 
546 1462792460 359973 0.432945 
547 1462792463 435543 0.432734 
548 1462792463 666035 0.433447 
549 1462792464 157203 0.434071 
550 1462792467 334653 0.433893 
551 1462792468 412812 0.434366 
552 1462792469 698463 0.434911 
553 1462792472 153411 0.434857 
554 1462792473 494834 0.435419 
555 1462792475 284776 0.435593 
556 1462792475 809453 0.436199 
557 1462792476 980306 0.436701 
558 1462792479 406208 0.436654 
559 1462792483 67684 0.436186 
560 1462792485 694109 0.436499 
561 1462792485 716561 0.437272 
562 1462792486 900322 0.437774 
563 1462792489 58701 0.437817 
564 1462792491 27927 0.437924 
565 1462792491 377475 0.438583 
566 1462792495 867844 0.438164 
567 1462792497 655030 0.438332 
568 1462792498 562334 0.438799 
569 1462792500 220670 0.439009 
570 1462792504 214021 0.438429 
571 1462792507 168074 0.438202 
572 1462792509 121617 0.438312 
573 1462792513 543669 0.437877 
574 1462792514 278036 0.438396 
575 1462792520 77225 0.437222 
576 1462792520 653953 0.437791 
577 1462792524 101770 0.437404 
578 1462792525 184910 0.437859 
579 1462792532 641099 0.43645 
580 1462792533 293896 0.43699 
581 1462792535 218968 0.43711 
582 1462792535 286456 0.437841 
583 1462792544 173538 0.435677 
584 1462792548 919025 0.435365 
585 1462792549 249366 0.436004 
586 1462792549 653248 0.436619 
587 1462792550 365961 0.437133 
588 1462792551 124342 0.437631 
589 1462792551 492489 0.438256 
590 1462792552 728345 0.438752 
591 1462792554 373396 0.438959 
592 1462792555 605775 0.439452 
593 1462792555 643849 0.440183 
594 1462792557 417648 0.440346 
595 1462792559 227034 0.440496 
596 1462792560 884720 0.441126 
597 1462792563 561875 0.440992 
598 1462792564 447406 0.441443 
599 1462792565 230437 0.441926 
600 1462792565 876548 0.442454 
601 1462792566 416417 0.443016 
602 1462792566 729524 0.443652 
603 1462792566 740013 0.444386 
604 1462792567 519466 0.444869 
605 1462792568 469420 0.445294 
606 1462792570 622210 0.445425 
607 1462792574 445624 0.444909 
608 1462792574 598861 0.445593 
609 1462792575 591769 0.446002 
610 1462792576 55133 0.446584 
611 1462792577 74743 0.446996 
612 1462792577 587803 0.44756 
613 1462792581 78470 0.447149 
614 1462792582 85625 0.447555 
615 1462792587 657746 0.446841 
616 1462792588 18984 0.447451 
617 1462792588 107283 0.44815 
618 1462792589 782763 0.448771 
619 1462792590 383391 0.449302 
620 1462792591 503931 0.449742 
621 1462792595 527568 0.449171 
622 1462792596 719837 0.449632 
623 1462792598 656955 0.449725 
624 1462792601 450682 0.44954 
625 1462792601 565923 0.450224 
626 1462792605 88410 0.449803 
627 1462792605 162726 0.450498 
628 1462792605 788126 0.451015 
629 1462792606 393642 0.451538 
630 1462792609 251781 0.451329 
631 1462792610 623807 0.451843 
632 1462792614 404750 0.451336 
633 1462792614 461574 0.452033 
634 1462792617 492720 0.451789 
635 1462792617 691625 0.452439 
636 1462792618 198932 0.452988 
637 1462792619 919876 0.453611 
638 1462792620 734955 0.454061 
639 1462792620 857060 0.454734 
640 1462792621 329575 0.455293 
641 1462792623 937787 0.455554 
642 1462792626 319417 0.455494 
643 1462792627 478658 0.455932 
644 1462792627 753169 0.456553 
645 1462792628 604506 0.456987 
646 1462792629 228471 0.457494 
647 1462792629 420691 0.458141 
648 1462792637 2742 0.456396 
649 1462792638 187746 0.456839 
650 1462792638 430494 0.457465 
651 1462792640 337009 0.457555 
652 1462792640 957004 0.458059 
653 1462792642 17798 0.458421 
654 1462792645 416334 0.458286 
655 1462792646 19338 0.458793 
656 1462792651 414002 0.458015 
657 1462792651 782788 0.458596 
658 1462792652 678407 0.459008 
659 1462792654 339470 0.459174 
660 1462792656 265252 0.459254 
661 1462792657 745357 0.459785 
662 1462792658 744645 0.460161 
663 1462792660 267141 0.460369 
664 1462792662 194866 0.460447 
665 1462792664 925523 0.460735 
666 1462792665 47800 0.46139 
667 1462792665 601143 0.461907 
668 1462792670 974151 0.461121 
669 1462792671 30807 0.461794 
670 1462792671 586334 0.462308 
671 1462792674 835664 0.46212 
672 1462792675 578793 0.462573 
673 1462792678 714136 0.462349 
674 1462792685 56805 0.461025 
675 1462792687 510433 0.461222 
676 1462792687 513412 0.461905 
677 1462792688 107878 0.462401 
678 1462792691 854940 0.462373 
679 1462792692 949215 0.462769 
680 1462792693 535661 0.463267 
681 1462792695 315536 0.463386 
682 1462792698 504977 0.46318 
683 1462792699 581403 0.463569 
684 1462792700 322427 0.464015 
685 1462792700 728589 0.464567 
686 1462792700 984103 0.465165 
687 1462792702 942140 0.465226 
688 1462792703 740537 0.465652 
689 1462792704 164912 0.466195 
690 1462792705 652827 0.466711 
691 1462792706 49362 0.467263 
692 1462792706 56362 0.467938 
693 1462792713 493734 0.466542 
694 1462792713 616349 0.467177 
695 1462792717 686359 0.466615 
696 1462792717 696816 0.467284 
697 1462792720 562924 0.467057 
698 1462792723 281718 0.466876 
699 1462792724 828659 0.467404 
700 1462792726 756761 0.46747 
701 1462792726 962004 0.468074 
702 1462792727 150257 0.468684 
703 1462792735 669025 0.467017 
704 1462792736 607862 0.46739 
705 1462792737 799974 0.467804 
706 1462792738 187064 0.468348 
707 1462792739 787340 0.468887 
708 1462792740 921514 0.469282 
709 1462792745 891375 0.4684 
710 1462792747 286072 0.468629 
711 1462792749 212955 0.468694 
712 1462792750 805709 0.469227 
713 1462792754 202616 0.468836 
714 1462792754 837804 0.469299 
715 1462792755 194990 0.469846 
716 1462792759 944451 0.4695 
717 1462792760 257706 0.47006 
718 1462792765 332449 0.469199 
719 1462792765 966578 0.469659 
720 1462792766 916214 0.470021 
721 1462792768 264506 0.47026 
722 1462792768 581171 0.470816 
723 1462792774 239291 0.469734 
724 1462792775 443118 0.470141 
725 1462792776 308407 0.470526 
726 1462792776 938176 0.470983 
727 1462792778 138700 0.471265 
728 1462792778 154674 0.47191 
729 1462792778 448823 0.472468 
730 1462792778 489487 0.473105 
731 1462792779 568918 0.473471 
732 1462792780 131643 0.473947 
733 1462792780 438360 0.474501 
734 1462792782 533732 0.474563 
735 1462792784 903502 0.474709 
736 1462792785 140779 0.475283 
737 1462792785 514799 0.475815 
738 1462792786 763051 0.47623 
739 1462792787 458585 0.476662 
740 1462792791 187583 0.476161 
741 1462792792 7385 0.476553 
742 1462792794 358988 0.476691 
743 1462792797 172266 0.476472 
744 1462792798 491708 0.476906 
745 1462792801 169373 0.476729 
746 1462792803 542450 0.476872 
747 1462792804 982756 0.477341 
748 1462792806 193910 0.477611 
749 1462792807 222915 0.477954 
750 1462792808 852709 0.47848 
751 1462792809 923002 0.478834 
752 1462792813 318569 0.478435 
753 1462792814 69251 0.478843 
754 1462792814 449072 0.479364 
755 1462792814 773740 0.479901 
756 1462792815 373311 0.480355 
757 1462792815 480762 0.480958 
758 1462792816 154162 0.481388 
759 1462792818 848971 0.481624 
760 1462792819 648527 0.482015 
761 1462792820 33682 0.482532 
762 1462792822 11856 0.482561 
763 1462792822 676113 0.482991 
764 1462792823 239242 0.483452 
765 1462792825 748507 0.483629 
766 1462792826 625802 0.483994 
767 1462792827 619853 0.484322 
768 1462792827 898459 0.484868 
769 1462792828 382994 0.485352 
770 1462792829 64544 0.485775 
771 1462792829 445008 0.48629 
772 1462792829 876777 0.486788 
773 1462792831 61463 0.487055 
774 1462792831 563579 0.487532 
775 1462792832 892871 0.487956 
776 1462792833 799020 0.488308 
777 1462792836 901782 0.488047 
778 1462792837 47677 0.488631 
779 1462792837 354526 0.489165 
780 1462792838 21759 0.489589 
781 1462792838 420101 0.490094 
782 1462792839 518548 0.490445 
783 1462792839 924863 0.490948 
784 1462792841 937806 0.490963 
785 1462792841 956459 0.491584 
786 1462792844 188475 0.491523 
787 1462792846 638469 0.491672 
788 1462792851 607025 0.490773 
789 1462792851 626822 0.49139 
790 1462792855 222417 0.490913 
791 1462792855 352754 0.491495 
792 1462792856 985207 0.492005 
793 1462792858 54754 0.492299 
794 1462792861 404672 0.49211 
795 1462792861 507666 0.4927 
796 1462792863 380497 0.492747 
797 1462792865 511045 0.492796 
798 1462792865 831715 0.493317 
799 1462792867 252819 0.493502 
800 1462792867 338670 0.494094 
801 1462792867 473421 0.494672 
802 1462792867 919172 0.495153 
803 1462792868 60272 0.495728 
804 1462792868 214745 0.496299 
805 1462792869 183446 0.49662 
806 1462792870 255080 0.496953 
807 1462792870 323402 0.497549 
808 1462792872 144860 0.497607 
809 1462792872 262608 0.498187 
810 1462792872 313850 0.498788 
811 1462792872 800294 0.499255 
812 1462792873 203758 0.499747 
813 1462792874 818205 0.500244 
814 1462792875 120088 0.500767 
815 1462792876 422624 0.501168 
816 1462792876 764440 0.501678 
817 1462792876 768208 0.502292 
818 1462792876 789103 0.502901 
819 1462792878 416782 0.503013 
820 1462792878 778465 0.503516 
821 1462792879 580955 0.503882 
822 1462792881 23652 0.50405 
823 1462792885 678910 0.503629 
824 1462792886 659821 0.503939 
825 1462792886 846221 0.504494 
826 1462792888 107767 0.504716 
827 1462792888 839712 0.505102 
828 1462792889 967631 0.505444 
829 1462792891 267160 0.505654 
830 1462792893 5487 0.505727 
831 1462792893 541608 0.506172 
832 1462792893 577999 0.50677 
833 1462792894 362960 0.507138 
834 1462792897 332573 0.50683 
835 1462792899 10619 0.506921 
836 1462792902 827571 0.506856 
837 1462792902 863140 0.507452 
838 1462792902 873915 0.508056 
839 1462792903 144464 0.508579 
840 1462792904 51882 0.508906 
841 1462792907 124625 0.508609 
842 1462792909 716796 0.508781 
843 1462792909 871899 0.509338 
844 1462792909 889380 0.509938 
845 1462792915 478465 0.508822 
846 1462792916 97284 0.509235 
847 1462792916 184753 0.509811 
848 1462792919 173338 0.509496 
849 1462792920 964343 0.510033 
850 1462792923 912217 0.509731 
851 1462792924 260854 0.510225 
852 1462792925 138435 0.510556 
853 1462792932 194914 0.509035 
854 1462792932 290718 0.509604 
855 1462792933 651669 0.510006 
856 1462792934 573774 0.510323 
857 1462792935 993423 0.510743 
858 1462792936 599962 0.511154 
859 1462792938 757229 0.511189 
860 1462792939 952746 0.511539 
861 1462792940 822094 0.51187 
862 1462792941 865188 0.512173 
863 1462792942 66377 0.512707 
864 1462792942 89486 0.513295 
865 1462792942 297119 0.513826 
866 1462792942 915760 0.514232 
867 1462792943 454659 0.514661 
868 1462792944 679549 0.515018 
869 1462792944 687070 0.51561 
870 1462792944 751541 0.516184 
871 1462792945 326556 0.516602 
872 1462792946 200646 0.516927 
873 1462792946 784573 0.517341 
874 1462792950 294655 0.516858 
875 1462792950 983007 0.51724 
876 1462792952 295316 0.51743 
877 1462792954 616775 0.517507 
878 1462792956 75640 0.517652 
879 1462792957 116068 0.517949 
880 1462792958 616221 0.518386 
881 1462792958 840276 0.518907 
882 1462792961 673947 0.51863 
883 1462792961 800100 0.51918 
884 1462792961 858393 0.519751 
885 1462792969 624391 0.517972 
886 1462792969 694877 0.518536 
887 1462792972 735510 0.518224 
888 1462792974 363796 0.518315 
889 1462792975 455536 0.518624 
890 1462792977 675442 0.518669 
891 1462792980 89204 0.518522 
892 1462792980 528573 0.518972 
893 1462792982 788301 0.519028 
894 1462792983 628078 0.519356 
895 1462792985 483684 0.519377 
896 1462792985 637285 0.519912 
897 1462792989 300634 0.519388 
898 1462792990 501796 0.519727 
899 1462792990 817678 0.520211 
900 1462792992 289416 0.520346 
901 1462792992 460047 0.520874 
902 1462792993 62728 0.521271 
903 1462792996 82832 0.520951 
904 1462792996 221556 0.521487 
905 1462792997 442120 0.52183 
906 1462792997 910261 0.522266 
907 1462792998 54716 0.522799 
908 1462792998 517737 0.523236 
909 1462792998 785079 0.523732 
910 1462792998 895534 0.524276 
911 1462792999 729394 0.5246 
912 1462793001 607438 0.524609 
913 1462793002 583104 0.52489 
914 1462793003 118366 0.525304 
915 1462793003 403765 0.525793 
916 1462793007 988800 0.525336 
917 1462793010 68536 0.525283 
918 1462793010 626722 0.525688 
919 1462793014 541544 0.525083 
920 1462793014 658412 0.52562 
921 1462793015 111543 0.526055 
922 1462793017 969703 0.526283 
923 1462793018 774009 0.526613 
924 1462793018 809487 0.527173 
925 1462793019 88571 0.52766 
926 1462793021 882198 0.527868 
927 1462793023 644073 0.527908 
928 1462793024 41954 0.528358 
929 1462793024 58981 0.528923 
930 1462793025 656520 0.529371 
931 1462793025 879017 0.529874 
932 1462793026 262667 0.530328 
933 1462793030 876775 0.529875 
934 1462793031 262734 0.530327 
935 1462793032 963444 0.530806 
936 1462793033 266474 0.531282 
937 1462793033 606508 0.531748 
938 1462793034 783168 0.532067 
939 1462793034 804278 0.532629 
940 1462793035 350200 0.533031 
941 1462793037 903 0.533099 
942 1462793037 295072 0.533577 
943 1462793039 577229 0.533625 
944 1462793040 89667 0.534036 
945 1462793040 211545 0.534566 
946 1462793040 343320 0.535092 
947 1462793042 207789 0.535093 
948 1462793042 923720 0.535442 
949 1462793042 984812 0.535989 
950 1462793043 663562 0.536349 
951 1462793044 71653 0.53679 
952 1462793045 35056 0.537063 
953 1462793045 293166 0.537549 
954 1462793046 783739 0.537959 
955 1462793046 854588 0.538502 
956 1462793047 477854 0.538877 
957 1462793048 363820 0.539171 
958 1462793049 112081 0.539508 
959 1462793049 375114 0.539991 
960 1462793050 970104 0.540432 
961 1462793051 252185 0.540909 
962 1462793051 480161 0.541403 
963 1462793052 672116 0.54172 
964 1462793052 842536 0.542231 
965 1462793053 365408 0.542634 
966 1462793053 504444 0.543155 
967 1462793054 48028 0.543551 
968 1462793056 52335 0.543504 
969 1462793059 29641 0.543157 
970 1462793060 60151 0.543422 
971 1462793060 150150 0.543956 
972 1462793063 347688 0.543662 
973 1462793063 955073 0.544037 
974 1462793063 965215 0.544593 
975 1462793065 236756 0.544765 
976 1462793067 271052 0.544726 
977 1462793067 642098 0.545172 
978 1462793067 649048 0.545728 
979 1462793068 75937 0.546156 
980 1462793068 878309 0.54647 
981 1462793069 658041 0.54679 
982 1462793070 15042 0.547239 
983 1462793070 418129 0.547674 
984 1462793072 155544 0.547701 
985 1462793073 604441 0.54809 
986 1462793073 633479 0.548638 
987 1462793073 898969 0.549114 
988 1462793074 891652 0.549367 
989 1462793075 361823 0.54978 
990 1462793077 683189 0.549822 
991 1462793077 772163 0.550351 
992 1462793078 206112 0.550774 
993 1462793080 102948 0.550749 
994 1462793080 581154 0.551158 
995 1462793081 464058 0.551443 
996 1462793082 439773 0.551699 
997 1462793082 605205 0.552203 
998 1462793083 328071 0.552536 
999 1462793083 440319 0.553056 
1000 1462793083 833920 0.553489 
1001 1462793085 625046 0.553494 
1002 1462793086 5322 0.553931 
1003 1462793087 687007 0.554387 
1004 1462793089 125615 0.554498 
1005 1462793089 292416 0.555 
1006 1462793089 853791 0.555381 
1007 1462793091 503962 0.555427 
1008 1462793092 676158 0.555725 
1009 1462793093 208474 0.556113 
1010 1462793097 729528 0.555599 
1011 1462793098 233560 0.555995 
1012 1462793098 965137 0.556321 
1013 1462793101 771218 0.556013 
1014 1462793102 28425 0.556484 
1015 1462793102 285593 0.556955 
1016 1462793102 593617 0.55741 
1017 1462793102 786386 0.5579 
1018 1462793103 57080 0.558366 
1019 1462793103 673970 0.558726 
1020 1462793103 735940 0.559255 
1021 1462793104 88051 0.559696 
1022 1462793107 138576 0.55934 
1023 1462793107 200754 0.559868 
1024 1462793108 5161 0.560169 
1025 1462793108 565792 0.560545 
1026 1462793109 749026 0.560841 
1027 1462793111 357235 0.560895 
1028 1462793111 762607 0.561317 
1029 1462793112 386118 0.561672 
1030 1462793114 63350 0.561704 
1031 1462793115 302303 0.562016 
1032 1462793116 48357 0.562333 
1033 1462793117 40082 0.562574 
1034 1462793118 248329 0.562877 
1035 1462793118 786445 0.563256 
1036 1462793118 951178 0.56375 
1037 1462793119 285058 0.564192 
1038 1462793119 978966 0.564524 
1039 1462793120 161382 0.565012 
1040 1462793120 434355 0.565472 
1041 1462793120 699037 0.565935 
1042 1462793120 774347 0.566456 
1043 1462793120 838821 0.56698 
1044 1462793121 516692 0.567315 
1045 1462793121 801987 0.567771 
1046 1462793122 780700 0.568012 
1047 1462793123 505465 0.568332 
1048 1462793123 812752 0.56878 
1049 1462793124 937942 0.569053 
1050 1462793125 506933 0.56942 
1051 1462793126 946966 0.56979 
1052 1462793130 3055 0.569388 
1053 1462793130 206780 0.569867 
1054 1462793130 299606 0.57038 
1055 1462793131 840029 0.57078 
1056 1462793132 783790 0.57103 
1057 1462793133 209449 0.571439 
1058 1462793133 225720 0.571975 
1059 1462793133 759338 0.572351 
1060 1462793134 832641 0.572605 
1061 1462793135 323375 0.572994 
1062 1462793136 182235 0.573268 
1063 1462793136 253706 0.573786 
1064 1462793137 678801 0.574148 
1065 1462793138 169923 0.574536 
1066 1462793138 223256 0.575059 
1067 1462793138 551781 0.575497 
1068 1462793139 203600 0.575834 
1069 1462793140 11974 0.576123 
1070 1462793140 646781 0.576465 
1071 1462793141 754638 0.576727 
1072 1462793141 997489 0.57719 
1073 1462793143 261880 0.577336 
1074 1462793144 367339 0.577596 
1075 1462793144 539480 0.578081 
1076 1462793145 250630 0.578397 
1077 1462793145 748918 0.57878 
1078 1462793147 472225 0.578782 
1079 1462793147 836779 0.579206 
1080 1462793148 45652 0.579678 
1081 1462793149 241920 0.579965 
1082 1462793155 17732 0.578707 
1083 1462793155 794191 0.579001 
1084 1462793156 465502 0.579328 
1085 1462793156 547577 0.579838 
1086 1462793158 145385 0.579877 
1087 1462793159 330693 0.580159 
1088 1462793159 376666 0.580679 
1089 1462793159 547613 0.58116 
1090 1462793160 62510 0.581534 
1091 1462793160 325031 0.581987 
1092 1462793160 969197 0.58232 
1093 1462793162 117510 0.582497 
1094 1462793162 578594 0.582887 
1095 1462793162 642692 0.583401 
1096 1462793163 524873 0.583659 
1097 1462793165 946510 0.583701 
1098 1462793166 738068 0.583988 
1099 1462793168 522217 0.583965 
1100 1462793170 358408 0.583927 
1101 1462793170 601605 0.584383 
1102 1462793170 690437 0.584886 
1103 1462793170 705407 0.585413 
1104 1462793172 240754 0.585467 
1105 1462793173 208972 0.585696 
1106 1462793173 273016 0.586207 
1107 1462793173 407676 0.586696 
1108 1462793173 732285 0.587125 
1109 1462793174 103335 0.58754 
1110 1462793174 265833 0.588019 
1111 1462793174 802666 0.588382 
1112 1462793175 162551 0.5888 
1113 1462793177 225071 0.588725 
1114 1462793177 240091 0.58925 
1115 1462793177 373645 0.589738 
1116 1462793177 947982 0.590088 
1117 1462793178 704473 0.590381 
1118 1462793179 194623 0.590756 
1119 1462793179 392795 0.591223 
1120 1462793181 454550 0.591146 
1121 1462793184 618807 0.590789 
1122 1462793185 81720 0.591173 
1123 1462793185 219638 0.591657 
1124 1462793185 481880 0.592102 
1125 1462793185 527907 0.592615 
1126 1462793186 882180 0.592941 
1127 1462793187 19971 0.593425 
1128 1462793187 250266 0.59388 
1129 1462793187 381732 0.594365 
1130 1462793187 476126 0.594863 
1131 1462793188 380644 0.595106 
1132 1462793188 644018 0.59555 
1133 1462793188 993610 0.595967 
1134 1462793189 390580 0.596369 
1135 1462793189 693099 0.5968 
1136 1462793189 758527 0.597306 
1137 1462793190 129425 0.597715 
1138 1462793190 380820 0.598162 
1139 1462793190 925756 0.598517 
1140 1462793192 52024 0.598688 
1141 1462793193 509196 0.599043 
1142 1462793193 796372 0.599478 
1143 1462793194 996951 0.599751 
1144 1462793195 850751 0.600007 
1145 1462793196 359693 0.600372 
1146 1462793197 239148 0.60062 
1147 1462793197 278798 0.601132 
1148 1462793198 746944 0.601488 
1149 1462793198 769821 0.602006 
1150 1462793199 789773 0.60222 
1151 1462793201 477054 0.602212 
1152 1462793201 514726 0.602724 
1153 1462793201 555032 0.603235 
1154 1462793201 636040 0.603733 
1155 1462793202 829500 0.604001 
1156 1462793203 72677 0.604448 
1157 1462793203 97908 0.604963 
1158 1462793204 755742 0.605378 
1159 1462793204 774392 0.605895 
1160 1462793205 36890 0.606335 
1161 1462793206 408188 0.606659 
1162 1462793207 37333 0.606982 
1163 1462793207 577966 0.607333 
1164 1462793208 924011 0.607648 
1165 1462793209 375362 0.608027 
1166 1462793209 500335 0.60851 
1167 1462793213 89652 0.607893 
1168 1462793213 470945 0.608293 
1169 1462793213 494597 0.608807 
1170 1462793213 638852 0.609282 
1171 1462793214 292899 0.609596 
1172 1462793214 460510 0.610063 
1173 1462793215 800943 0.610375 
1174 1462793216 786975 0.610582 
1175 1462793218 621692 0.610519 
1176 1462793220 76020 0.610578 
1177 1462793221 482498 0.610909 
1178 1462793221 642366 0.611378 
1179 1462793223 643152 0.611262 
1180 1462793224 690326 0.611479 
1181 1462793225 434960 0.611761 
1182 1462793226 627532 0.612023 
1183 1462793226 898914 0.612456 
1184 1462793227 947207 0.612672 
1185 1462793228 340231 0.613065 
1186 1462793228 461050 0.613544 
1187 1462793230 665799 0.613492 
1188 1462793231 316901 0.613802 
1189 1462793232 80088 0.614077 
1190 1462793232 692533 0.614399 
1191 1462793232 842952 0.614868 
1192 1462793232 983772 0.61534 
1193 1462793233 58364 0.615833 
1194 1462793233 823903 0.616106 
1195 1462793235 108430 0.616214 
1196 1462793237 20504 0.616122 
1197 1462793237 463647 0.616497 
1198 1462793237 675695 0.616945 
1199 1462793237 888857 0.617392 
1200 1462793238 1038 0.617872 
1201 1462793238 429943 0.61825 
1202 1462793238 964993 0.618595 
1203 1462793239 166788 0.619046 
1204 1462793239 269528 0.619528 
1205 1462793240 971661 0.619948 
1206 1462793241 165121 0.620401 
1207 1462793241 440933 0.620828 
1208 1462793243 499749 0.620722 
1209 1462793243 647817 0.621189 
1210 1462793243 771490 0.621664 
1211 1462793245 495144 0.621627 
1212 1462793246 996080 0.621981 
1213 1462793247 393961 0.622368 
1214 1462793247 620709 0.622809 
1215 1462793249 647341 0.622691 
1216 1462793250 374643 0.622972 
1217 1462793251 199389 0.623221 
1218 1462793251 820556 0.623535 
1219 1462793251 907155 0.62402 
1220 1462793252 398429 0.624375 
1221 1462793253 491064 0.624597 
1222 1462793255 143862 0.62458 
1223 1462793255 154841 0.625088 
1224 1462793255 805981 0.625392 
1225 1462793256 299931 0.625745 
1226 1462793256 485131 0.626197 
1227 1462793256 929163 0.626566 
1228 1462793257 972624 0.62677 
1229 1462793259 373151 0.626833 
1230 1462793260 87701 0.627115 
1231 1462793260 575014 0.627469 
1232 1462793260 770284 0.627916 
1233 1462793260 992924 0.628355 
1234 1462793262 31675 0.628532 
1235 1462793262 239422 0.628975 
1236 1462793262 822903 0.629298 
1237 1462793263 575915 0.629566 
1238 1462793264 268903 0.629853 
1239 1462793266 495823 0.629793 
1240 1462793266 793280 0.630207 
1241 1462793267 946329 0.630444 
1242 1462793268 375707 0.630815 
1243 1462793269 304842 0.631025 
1244 1462793270 676960 0.631332 
1245 1462793270 743460 0.631818 
1246 1462793272 650479 0.631714 
1247 1462793272 881547 0.632147 
1248 1462793272 949584 0.632633 
1249 1462793274 302576 0.632706 
1250 1462793274 739628 0.633073 
1251 1462793274 943716 0.633514 
1252 1462793275 423294 0.633867 
1253 1462793275 509800 0.634346 
1254 1462793275 979775 0.634701 
1255 1462793276 160421 0.63515 
1256 1462793276 432149 0.635569 
1257 1462793277 162273 0.63584 
1258 1462793277 648340 0.63619 
1259 1462793278 681331 0.636384 
1260 1462793279 590009 0.636598 
1261 1462793279 671956 0.637077 
1262 1462793280 137325 0.637432 
1263 1462793281 312557 0.637672 
1264 1462793281 945769 0.637973 
1265 1462793282 425349 0.638324 
1266 1462793282 714979 0.638735 
1267 1462793282 818909 0.639207 
1268 1462793284 607877 0.639134 
1269 1462793284 823810 0.639569 
1270 1462793284 949533 0.640033 
1271 1462793285 25508 0.640513 
1272 1462793285 341661 0.640915 
1273 1462793285 647957 0.64132 
1274 1462793286 408115 0.641578 
1275 1462793286 553926 0.642035 
1276 1462793286 575033 0.642532 
1277 1462793286 588378 0.643032 
1278 1462793288 530987 0.642906 
1279 1462793289 921634 0.643213 
1280 1462793290 222366 0.643618 
1281 1462793290 872297 0.643911 
1282 1462793290 939330 0.644392 
1283 1462793292 697803 0.644325 
1284 1462793293 124236 0.64469 
1285 1462793293 758925 0.644987 
1286 1462793293 884030 0.645448 
1287 1462793294 430351 0.645774 
1288 1462793296 474681 0.645642 
1289 1462793297 567001 0.645849 
1290 1462793300 661893 0.64541 
1291 1462793300 993683 0.645804 
1292 1462793301 460195 0.646154 
1293 1462793301 797652 0.646545 
1294 1462793302 555631 0.6468 
1295 1462793302 749035 0.647238 
1296 1462793303 292164 0.647562 
1297 1462793303 346790 0.648044 
1298 1462793303 612616 0.648458 
1299 1462793303 702703 0.648929 
1300 1462793304 365413 0.649214 
1301 1462793304 753077 0.649588 
1302 1462793305 989082 0.649839 
1303 1462793306 58852 0.650316 
1304 1462793306 559140 0.650653 
1305 1462793307 621836 0.650848 
1306 1462793308 720870 0.651054 
1307 1462793309 205379 0.651395 
