26 1463067011 800540 0.0415276 
43 1463067630 136663 0.0278116 
65 1463068278 264695 0.0343259 
87 1463068955 345595 0.032932 
102 1463069574 795569 0.0244343 
122 1463070238 537848 0.0304623 
146 1463070878 176058 0.0378625 
173 1463071486 204934 0.044885 
197 1463072095 928727 0.0398439 
216 1463072712 247099 0.0311534 
240 1463073331 303692 0.0392104 
259 1463073950 272714 0.0310486 
276 1463074611 922448 0.0259718 
297 1463075267 619115 0.0324292 
319 1463075875 262418 0.0365142 
338 1463076488 801191 0.0312831 
357 1463077102 151120 0.031306 
371 1463077746 938929 0.0219424 
385 1463078356 716086 0.0231709 
404 1463079006 979081 0.029495 
417 1463079664 716418 0.0198716 
433 1463080343 186733 0.0237384 
443 1463080995 846729 0.0154241 
452 1463081647 80089 0.0138577 
458 1463082290 291177 0.00935097 
470 1463083139 249634 0.0141894 
476 1463083767 137814 0.00958737 
486 1463084487 369775 0.0139424 
496 1463085102 268384 0.0163322 
506 1463085795 881180 0.0145038 
515 1463086540 855224 0.0121303 
525 1463087311 130310 0.013051 
532 1463087957 436836 0.0108774 
540 1463088883 807776 0.00866752 
549 1463089502 147019 0.014614 
557 1463090110 376613 0.0132003 
564 1463090885 657263 0.00906336 
574 1463091496 732233 0.0164851 
580 1463092118 92843 0.00966489 
588 1463092772 819073 0.0123092 
598 1463093417 220083 0.0156012 
607 1463094101 741525 0.0132023 
616 1463094736 958089 0.0142426 
626 1463095385 721294 0.0155145 
642 1463096071 598071 0.0236192 
650 1463096712 480693 0.0125138 
658 1463097368 545493 0.0122169 
666 1463098040 246703 0.0119538 
672 1463098665 636232 0.00962341 
684 1463099305 132123 0.0188781 
693 1463099917 1556 0.0147684 
705 1463100571 366032 0.0184874 
718 1463101356 994214 0.0166643 
732 1463101984 112721 0.0224842 
740 1463102725 248814 0.0108328 
751 1463103451 407731 0.0151953 
763 1463104092 832916 0.0188223 
780 1463104866 986022 0.0221227 
789 1463105560 694896 0.0130391 
799 1463106234 982429 0.0149181 
817 1463106855 274694 0.0292845 
829 1463107495 998795 0.0188153 
839 1463108134 491661 0.0157166 
848 1463108776 159126 0.0140662 
858 1463109414 172287 0.0157445 
866 1463110209 419024 0.0101131 
874 1463110861 154158 0.0123294 
889 1463111473 147994 0.0247583 
901 1463112095 3341 0.0193775 
914 1463112778 228668 0.0191849 
924 1463113428 957962 0.0154631 
933 1463114119 929391 0.0130813 
945 1463114753 685772 0.0190933 
959 1463115361 703851 0.0232 
974 1463116023 500169 0.0228366 
988 1463116763 577528 0.0190438 
1000 1463117396 848961 0.0191234 
1014 1463118050 578411 0.0215919 
1029 1463118715 597934 0.0227352 
1049 1463119371 552635 0.0308028 
1060 1463120034 239193 0.0166705 
1074 1463120684 43541 0.0216502 
1093 1463121361 376370 0.0282616 
1108 1463122028 744128 0.0226072 
1125 1463122675 172470 0.0265785 
1148 1463123302 69622 0.037199 
1165 1463123913 892804 0.0280423 
1194 1463124525 947815 0.0481037 
1217 1463125174 661461 0.035764 
1235 1463125801 316575 0.0289397 
1256 1463126429 556177 0.0338255 
1274 1463127038 476059 0.0298884 
1308 1463127655 137462 0.056161 
1327 1463128290 460911 0.0302227 
1355 1463128948 380400 0.0431328 
1380 1463129562 895764 0.0412664 
1405 1463130174 794005 0.0414274 
1424 1463130784 415260 0.0314043 
1444 1463131423 184567 0.0316072 
1457 1463132107 374703 0.0190836 
1471 1463132713 485376 0.023262 
1490 1463133329 546915 0.0311636 
1509 1463133977 246776 0.029591 
1531 1463134587 827757 0.0365416 
1554 1463135199 800057 0.0381699 
1588 1463135846 754921 0.053437 
1610 1463136468 156348 0.035759 
1625 1463137078 916042 0.0247979 
1650 1463137695 676793 0.0410872 
1669 1463138317 21719 0.0307218 
1689 1463138968 934722 0.0310447 
1715 1463139584 42768 0.0429042 
1737 1463140222 528160 0.0349005 
1761 1463140836 910374 0.0395796 
1787 1463141474 169549 0.0412821 
1810 1463142107 954107 0.0367522 
1832 1463142721 531853 0.0362211 
1849 1463143365 751265 0.0266029 
1873 1463143989 730678 0.0388907 
1895 1463144613 563322 0.0357154 
1925 1463145233 618552 0.0491224 
1951 1463145857 106304 0.0421502 
1973 1463146463 323993 0.0366073 
1995 1463147086 164177 0.0355809 
2012 1463147849 741100 0.0224647 
2037 1463148484 625008 0.0397739 
2057 1463149128 408705 0.0312723 
2074 1463149752 394278 0.0274405 
2103 1463150377 405211 0.0472133 
2123 1463151004 218733 0.0322757 
2141 1463151620 225176 0.0295042 
2169 1463152248 717241 0.0452627 
2185 1463153026 393824 0.0207405 
2192 1463153634 865791 0.0115694 
2216 1463154338 526131 0.0344983 
2230 1463154960 680629 0.0226815 
2258 1463155583 715700 0.0455003 
2286 1463156497 922835 0.0309685 
2306 1463157127 609272 0.0321097 
2331 1463157788 159787 0.0383114 
2357 1463158446 847941 0.0401177 
2378 1463159083 991295 0.0333027 
2405 1463159696 934907 0.0448315 
2425 1463160317 518219 0.032495 
2445 1463160988 238545 0.0301025 
2469 1463161626 772475 0.0379716 
2488 1463162320 947803 0.0275737 
2506 1463162932 448352 0.0297705 
2530 1463163539 941321 0.0398889 
2554 1463164204 304736 0.0364167 
2572 1463164837 698135 0.0286964 
2584 1463165552 521943 0.0168762 
2601 1463166224 962810 0.0254399 
2615 1463166845 150564 0.0227598 
2627 1463167471 8545 0.0193424 
2633 1463168128 124330 0.00916334 
2648 1463168817 910012 0.0219629 
2660 1463169485 67227 0.018091 
2672 1463170125 140948 0.0188414 
2683 1463170729 911013 0.0183319 
2693 1463171343 983566 0.0163801 
2698 1463172031 578968 0.00728209 
2706 1463172703 771682 0.0119534 
2718 1463173310 726508 0.0199138 
2729 1463173925 737133 0.0179836 
2740 1463174589 138085 0.0166665 
2750 1463175259 312644 0.0150016 
2756 1463175913 728887 0.00919324 
2769 1463176568 925506 0.0199672 
2787 1463177209 207327 0.0283935 
2800 1463177872 270571 0.0197559 
2804 1463178498 643828 0.0063982 
2812 1463179130 414135 0.0127108 
2823 1463179768 141885 0.0173228 
2836 1463180447 721212 0.0192256 
2849 1463181057 571510 0.0214658 
2860 1463181714 623687 0.0167783 
2873 1463182386 108366 0.019493 
2886 1463183100 61328 0.0183311 
2901 1463183742 410466 0.0236224 
2908 1463184633 582984 0.00788085 
2915 1463185250 656983 0.011405 
2924 1463185939 68118 0.0131239 
2940 1463186563 134435 0.0258004 
2952 1463187219 69223 0.0183894 
2964 1463187871 715657 0.0185194 
2970 1463188626 110121 0.0079703 
2987 1463189307 466637 0.0251566 
2997 1463189982 392365 0.0148939 
3005 1463190598 571036 0.0130356 
3016 1463191270 772507 0.0164714 
3029 1463191900 976022 0.0207795 
3040 1463192546 190780 0.0171218 
3055 1463193174 785703 0.0240571 
3067 1463193953 598057 0.0154555 
3083 1463194575 897640 0.0260079 
3092 1463195359 415631 0.0115269 
3101 1463196021 978725 0.013668 
3112 1463196653 963607 0.0175034 
3128 1463197327 397573 0.0239113 
3136 1463197938 925588 0.0131182 
3146 1463198554 891248 0.016342 
3163 1463199171 168505 0.0278928 
3176 1463199841 330066 0.0195771 
3183 1463200485 142738 0.0109044 
3195 1463201154 168279 0.0180362 
3211 1463201763 207427 0.026493 
3226 1463202510 537661 0.0201969 
3240 1463203115 93796 0.0232895 
3251 1463203746 277679 0.0175206 
3265 1463204366 109671 0.0227792 
3279 1463205080 130127 0.0197256 
3292 1463205694 490313 0.0213582 
3308 1463206346 385429 0.0247491 
3320 1463206952 295025 0.0199326 
3344 1463207579 543518 0.0387267 
3368 1463208209 54780 0.0384968 
3405 1463208858 283177 0.0578819 
3427 1463209553 438436 0.0320721 
3445 1463210183 481491 0.0288402 
3474 1463210791 99949 0.048229 
3494 1463211453 384164 0.0306215 
3512 1463212069 143737 0.0294527 
3533 1463212679 556110 0.0347774 
3552 1463213290 819013 0.0313873 
3574 1463213939 932030 0.0342485 
3603 1463214576 474187 0.046202 
3629 1463215202 651704 0.0420936 
3646 1463215825 826514 0.0275798 
3667 1463216435 909705 0.034839 
3686 1463217045 113404 0.0314561 
3704 1463217662 92570 0.0295045 
3725 1463218305 754790 0.0330651 
3743 1463218912 241739 0.0298981 
3761 1463219547 145603 0.0286169 
3784 1463220188 622284 0.0363033 
3800 1463220794 497542 0.0266646 
3821 1463221416 810018 0.0341781 
3841 1463222030 963761 0.0329529 
3864 1463222675 666714 0.0361313 
3887 1463223290 856208 0.0378848 
3916 1463223948 483024 0.0447531 
3944 1463224599 22409 0.0435542 
3974 1463225309 72668 0.042844 
3997 1463225930 868359 0.0374603 
4017 1463226577 641065 0.0311854 
4029 1463227242 889207 0.0181785 
4047 1463227863 403247 0.0292915 
4065 1463228475 693832 0.0297858 
4093 1463229086 988717 0.0466121 
4119 1463229755 228693 0.0393909 
4135 1463230372 660325 0.0261946 
4157 1463231004 376023 0.0352053 
4180 1463231643 603021 0.0363919 
4201 1463232256 197940 0.0346422 
4228 1463232875 766204 0.0442786 
4254 1463233500 179694 0.0421202 
4272 1463234193 429338 0.0262416 
4296 1463234807 709165 0.0396048 
4323 1463235458 229783 0.0420137 
4343 1463236078 314757 0.0326638 
4361 1463236710 522697 0.0288032 
4392 1463237340 878794 0.0498001 
4412 1463237993 841391 0.0308476 
4435 1463238657 670253 0.0350669 
4457 1463239289 784644 0.0352408 
4472 1463239898 874891 0.0247783 
4502 1463240592 697600 0.0437982 
4521 1463241200 149137 0.0315423 
4546 1463241819 985980 0.0409626 
4570 1463242476 457644 0.0370718 
4589 1463243151 566917 0.0283519 
4615 1463243810 295794 0.0400064 
4630 1463244414 309588 0.0249776 
4654 1463245047 939186 0.0385652 
4674 1463245654 748890 0.0332325 
4702 1463246282 544119 0.0452816 
4718 1463246918 538188 0.0252742 
4734 1463247572 863060 0.0247104 
4747 1463248178 265281 0.0216114 
4767 1463248783 397426 0.0333333 
4790 1463249433 231863 0.0358038 
4805 1463250067 285273 0.023841 
4820 1463250681 268997 0.0245988 
4842 1463251322 335711 0.0346354 
4865 1463251987 792691 0.0350907 
4880 1463252598 504918 0.0247732 
4893 1463253221 821174 0.0210074 
4910 1463253872 509535 0.0263732 
4921 1463254515 787806 0.0171937 
4934 1463255334 783637 0.0159571 
4953 1463255999 533816 0.0288921 
4967 1463256640 74740 0.0219616 
4975 1463257343 655010 0.0114169 
4987 1463257972 645081 0.0191793 
4996 1463258734 239701 0.0118516 
5007 1463259376 514056 0.017201 
5018 1463260085 206244 0.0155811 
5026 1463260799 522808 0.0112343 
5036 1463261568 728582 0.0130385 
5047 1463262177 611149 0.0181399 
5062 1463262797 521314 0.0244424 
5071 1463263469 420014 0.0134401 
5085 1463264092 385745 0.0226335 
5097 1463264709 233045 0.0195586 
5106 1463265402 606365 0.0130497 
5116 1463266013 892895 0.0164447 
5127 1463266677 223454 0.0167037 
5133 1463267321 36963 0.00934729 
5141 1463267959 498580 0.0125938 
5149 1463268568 341762 0.0131961 
5162 1463269212 925852 0.0202866 
5179 1463269846 132008 0.0270159 
5192 1463270465 610201 0.0211602 
5205 1463271131 906625 0.0196573 
5220 1463271784 253200 0.0231135 
5228 1463272390 108628 0.0132522 
5237 1463273073 676161 0.0132116 
5247 1463273686 552924 0.0164051 
5255 1463274302 801432 0.0130575 
5270 1463275032 386845 0.0206516 
5277 1463275669 715840 0.0110168 
5289 1463276397 184284 0.0165494 
5299 1463277011 8594 0.0164018 
5312 1463277668 380863 0.0199298 
5321 1463278320 610896 0.0138473 
5334 1463278933 926676 0.0213988 
5343 1463279621 961188 0.0131608 
5352 1463280227 383359 0.0149026 
5367 1463280867 413650 0.023659 
5379 1463281510 685348 0.0187205 
5394 1463282228 435411 0.0210111 
5405 1463282858 715435 0.0175009 
5414 1463283508 106118 0.0139065 
5428 1463284189 808073 0.0206663 
5441 1463284954 702148 0.0170829 
5460 1463285615 951837 0.0291118 
5470 1463286273 121194 0.0152977 
5484 1463286930 773111 0.0214805 
5498 1463287546 624360 0.0228668 
5517 1463288160 337946 0.0312643 
5525 1463289059 659742 0.00891005 
5534 1463289727 124006 0.013528 
5551 1463290366 809968 0.0268476 
5562 1463290998 342630 0.0175337 
5576 1463291647 894526 0.0217107 
5596 1463292267 492006 0.0325909 
5622 1463292911 552425 0.0407802 
5638 1463293520 134636 0.026517 
5657 1463294155 13025 0.0302871 
5676 1463294764 474690 0.0315085 
5709 1463295392 908185 0.0533296 
5730 1463296008 152940 0.0343895 
5756 1463296640 316901 0.0416597 
5776 1463297265 631214 0.0323624 
5799 1463297926 139591 0.0350913 
5824 1463298560 770232 0.0398027 
5842 1463299178 444331 0.0294479 
5858 1463299808 420473 0.0255878 
5885 1463300429 445437 0.0443703 
5907 1463301042 165258 0.0364303 
5929 1463301743 755785 0.0317728 
5947 1463302354 578835 0.0297196 
5962 1463302985 855195 0.023973 
5987 1463303604 998450 0.0409832 
6007 1463304214 912849 0.0332001 
6030 1463304834 804683 0.0375936 
6045 1463305445 998309 0.0247746 
6065 1463306063 439368 0.0328213 
6095 1463306686 137515 0.0489993 
6114 1463307352 589192 0.0288479 
6142 1463308016 354101 0.0427102 
6165 1463308697 667412 0.0340962 
6184 1463309317 109609 0.0308732 
6207 1463310025 244584 0.0327779 
6229 1463310669 672948 0.0345193 
6253 1463311280 536891 0.0397455 
6286 1463311908 762312 0.0535585 
6319 1463312536 516821 0.0533867 
6340 1463313146 998282 0.0348034 
6370 1463313755 899158 0.0498283 
6396 1463314364 74303 0.0431215 
6422 1463315014 553815 0.0404911 
6446 1463315672 656206 0.0368051 
6472 1463316341 486754 0.0394751 
6498 1463316963 131176 0.0426619 
6521 1463317592 695430 0.0369856 
6548 1463318214 145476 0.0439426 
6562 1463318822 588580 0.0230957 
6578 1463319475 122052 0.0246288 
6599 1463320131 103976 0.0324323 
6622 1463320746 901751 0.0377968 
6642 1463321393 321148 0.0310922 
6665 1463322073 720087 0.0342196 
6688 1463322724 940254 0.0356773 
6708 1463323350 349002 0.032256 
6733 1463323970 425507 0.0409317 
6748 1463324659 937570 0.0219335 
6762 1463325356 991753 0.0202386 
6775 1463325989 128278 0.0206641 
6792 1463326607 301030 0.0277963 
6806 1463327280 933265 0.0209163 
6818 1463327923 652702 0.0187904 
6835 1463328541 440845 0.0277701 
6850 1463329230 787410 0.0219168 
6874 1463329856 170822 0.0387911 
6896 1463330505 83708 0.0343037 
6908 1463331117 568115 0.0196952 
6928 1463331725 767987 0.0332217 
6948 1463332451 641667 0.0277935 
6969 1463333085 161888 0.0334442 
6984 1463333712 577825 0.0241313 
7007 1463334362 280088 0.0356573 
7026 1463334981 54940 0.0310705 
7043 1463335590 619350 0.0281208 
7068 1463336203 713475 0.0413716 
7101 1463336821 494952 0.0544373 
7122 1463337454 281524 0.033407 
7137 1463338104 22420 0.023254 
7158 1463338731 873271 0.0337966 
7174 1463339437 441669 0.0228398 
7194 1463340055 726046 0.0325965 
7213 1463340683 120588 0.0304943 
7224 1463341320 475624 0.0173544 
7237 1463342046 136636 0.018023 
7251 1463342656 485391 0.0231638 
7262 1463343269 920190 0.0180175 
7272 1463343906 486930 0.015783 
7281 1463344574 929679 0.0135156 
7285 1463345207 393279 0.00632925 
7290 1463345810 830268 0.00831636 
7305 1463346431 21061 0.0242849 
7317 1463347042 615419 0.0197989 
7330 1463347671 879487 0.0208115 
7351 1463348354 997402 0.0310612 
7361 1463349009 231388 0.015357 
7373 1463349663 649210 0.0185076 
7387 1463350367 661025 0.020046 
7397 1463351045 989519 0.0148342 
7410 1463351707 26702 0.0198298 
7420 1463352369 912871 0.0151666 
7425 1463352993 459204 0.00802738 
7436 1463353599 674343 0.0182523 
7449 1463354206 410948 0.021585 
7463 1463354834 392081 0.022481 
7475 1463355491 318004 0.0183836 
7488 1463356154 761189 0.0197146 
7504 1463356853 471188 0.0230094 
7510 1463357474 544075 0.00968045 
7518 1463358200 290402 0.0110577 
7529 1463358817 311877 0.0179465 
7541 1463359465 749002 0.0186002 
7556 1463360168 285056 0.0214701 
7570 1463360837 588227 0.0210497 
7583 1463361501 74639 0.0197381 
7595 1463362128 439766 0.0192826 
7605 1463362789 625963 0.0152091 
7616 1463363431 725703 0.0172397 
7630 1463364076 487432 0.0218926 
7639 1463364805 359674 0.0124027 
7648 1463365437 757074 0.0142958 
7664 1463366050 23888 0.0262996 
7675 1463366725 433192 0.016386 
7682 1463367389 605454 0.0105779 
7692 1463368085 10670 0.0144455 
7699 1463368723 231712 0.0110089 
7713 1463369481 317045 0.0185907 
7721 1463370095 608158 0.0130636 
7734 1463370702 955501 0.0215584 
7745 1463371336 770396 0.0174667 
7763 1463371993 788301 0.0275929 
7773 1463372910 999933 0.0109456 
7785 1463373563 858394 0.0184592 
7794 1463374211 488964 0.0139418 
7807 1463374832 714741 0.021065 
7820 1463375530 753833 0.0187751 
7837 1463376192 705741 0.0259443 
7854 1463376814 249457 0.0275744 
7873 1463377449 88960 0.030235 
7887 1463378100 361812 0.0217107 
7904 1463378746 807574 0.0264998 
7927 1463379435 909902 0.0337922 
7948 1463380097 982154 0.0319444 
7964 1463380743 831814 0.0249308 
7987 1463381353 682893 0.038034 
8005 1463382028 177394 0.0268772 
8027 1463382636 49037 0.0366066 
8044 1463383254 550168 0.0278655 
8064 1463383902 961143 0.0311103 
8084 1463384546 507512 0.0313695 
8114 1463385159 407564 0.049862 
8137 1463385768 287433 0.0381694 
8167 1463386391 332816 0.0490759 
8182 1463387007 949507 0.0245986 
8206 1463387665 195398 0.0368296 
8222 1463388316 906263 0.0247613 
8238 1463388964 32338 0.024944 
8257 1463389607 73201 0.0298331 
8276 1463390220 391463 0.0314011 
8304 1463390991 181107 0.0367149 
8331 1463391621 733589 0.0433821 
8351 1463392255 56446 0.0317552 
8373 1463392863 184104 0.0365457 
8397 1463393486 398757 0.0389362 
8414 1463394144 824553 0.0260283 
8435 1463394764 65673 0.0343399 
8454 1463395378 15609 0.0313534 
8470 1463396070 92163 0.0233673 
8496 1463396687 742901 0.0426203 
8518 1463397371 959155 0.0324334 
8538 1463397998 938796 0.0322634 
8558 1463398613 920760 0.0329243 
8577 1463399219 519118 0.0316427 
8598 1463399875 227778 0.0323009 
8617 1463400511 258068 0.030177 
8640 1463401130 619498 0.0377223 
8654 1463401808 777689 0.0208097 
8679 1463402445 806477 0.0397652 
8706 1463403069 681581 0.0437379 
8727 1463403819 376490 0.0282635 
8747 1463404429 590626 0.0331626 
8768 1463405040 233518 0.0345138 
8782 1463405644 891892 0.0233153 
8806 1463406326 509418 0.0355604 
8827 1463407011 610489 0.0308532 
8844 1463407646 186447 0.0269817 
8876 1463408261 4378 0.0528192 
8890 1463408883 721378 0.0226687 
8908 1463409497 34387 0.0295899 
8929 1463410123 521430 0.0340305 
8944 1463410741 578469 0.0244385 
8965 1463411381 518442 0.0332269 
8981 1463411996 818621 0.0261942 
9001 1463412637 587476 0.0315885 
9029 1463413272 461891 0.0446799 
9047 1463413883 452827 0.0298146 
9066 1463414492 871612 0.0315855 
9088 1463415112 774049 0.0356509 
9112 1463415723 468036 0.0397549 
9135 1463416471 634845 0.0310081 
9147 1463417081 274172 0.0198445 
9166 1463417757 464573 0.0283485 
9184 1463418379 986640 0.0292741 
9201 1463419070 543357 0.0248216 
9220 1463419729 840152 0.0290619 
9243 1463420370 172924 0.0363168 
9253 1463420989 72185 0.0162117 
9268 1463421654 61954 0.0227812 
9281 1463422296 81140 0.0203596 
9292 1463422913 746438 0.0179695 
9306 1463423534 565799 0.0226667 
9329 1463424235 705616 0.033151 
9351 1463424983 780486 0.0296577 
9365 1463425658 351184 0.0209161 
9379 1463426270 537336 0.0230628 
9388 1463426935 85024 0.0135818 
9397 1463427599 376487 0.013622 
9410 1463428276 659480 0.0193386 
9420 1463428892 556987 0.0163338 
9427 1463429585 377760 0.0101139 
9439 1463430227 102895 0.0188012 
9447 1463430839 94943 0.0131529 
9460 1463431486 528276 0.0202215 
9470 1463432173 950519 0.0146359 
9479 1463432805 739940 0.0143031 
9485 1463433718 437369 0.00658614 
9492 1463434328 637414 0.011525 
9499 1463434931 222105 0.0116325 
9508 1463435549 594936 0.0146281 
9517 1463436201 199268 0.0138482 
9527 1463436916 920591 0.0140508 
9536 1463437552 199173 0.0142227 
9543 1463438312 29789 0.00922401 
9556 1463439032 131857 0.0181557 
9565 1463439642 813911 0.0148279 
9573 1463440256 612320 0.0131147 
9585 1463440862 395826 0.0199579 
9596 1463441489 883861 0.0176643 
9608 1463442110 979469 0.0194565 
9623 1463442906 254194 0.0189591 
9633 1463443526 585555 0.0162123 
9645 1463444327 695220 0.015054 
9652 1463445000 431403 0.0104078 
9660 1463445870 409959 0.00923853 
9672 1463446487 603895 0.0195741 
9692 1463447116 153872 0.0321622 
9698 1463447783 730403 0.00901989 
9709 1463448424 473600 0.0172394 
9724 1463449145 399553 0.0209732 
9736 1463449827 664062 0.0176875 
9745 1463450516 659932 0.0131274 
9758 1463451169 292667 0.0200564 
9768 1463451774 629748 0.0166272 
9776 1463452423 872557 0.0123622 
9788 1463453141 265220 0.0168136 
9794 1463453800 775748 0.00912893 
9799 1463455132 396406 0.00375844 
9801 1463455781 141072 0.00308645 
9809 1463456416 647828 0.0126264 
9820 1463457204 562895 0.0140025 
9831 1463457900 681378 0.0158819 
9838 1463458943 371252 0.00672266 
9851 1463459585 688899 0.0203574 
9864 1463460341 775273 0.0172803 
9872 1463460975 644408 0.0126754 
9881 1463461716 770425 0.0121894 
9896 1463462375 70684 0.0229963 
9902 1463463362 78844 0.00610029 
9909 1463464196 933840 0.00842046 
9921 1463464805 250045 0.0198505 
9937 1463465614 366569 0.0198753 
9953 1463466255 539698 0.0250973 
9964 1463466894 270526 0.0173112 
9975 1463467541 340099 0.0170933 
10005 1463468165 205862 0.0489584 
10015 1463468866 98696 0.0143301 
10032 1463469483 871927 0.0278668 
10045 1463470244 657759 0.0171606 
10048 1463470885 705207 0.00468629 
10058 1463471496 580185 0.0164308 
10072 1463472263 804686 0.0183686 
10088 1463472887 512387 0.0259184 
10113 1463473500 580316 0.0414074 
10125 1463474113 743003 0.0197321 
10144 1463474736 898198 0.0306907 
10158 1463475341 360399 0.0232676 
10171 1463475963 817673 0.021002 
10185 1463476585 872763 0.0226999 
10200 1463477289 235084 0.0214458 
10214 1463478025 142336 0.0191083 
10219 1463478664 192793 0.00785489 
10236 1463479361 999580 0.0245946 
10251 1463479983 166765 0.0242828 
10265 1463480598 708503 0.0229055 
10280 1463481253 636057 0.023014 
10294 1463481929 5149 0.0208498 
10305 1463482617 372980 0.0161147 
10320 1463483271 391335 0.0231037 
10335 1463483941 715328 0.0225291 
10348 1463484661 478561 0.018161 
10362 1463485331 937433 0.021091 
10374 1463485965 902832 0.0190231 
10399 1463486610 950621 0.0391357 
10405 1463487238 270462 0.00957834 
10424 1463487860 586020 0.0307537 
10446 1463488484 634434 0.0356583 
10459 1463489119 132307 0.0205987 
10484 1463489767 476169 0.0390565 
10489 1463490577 660269 0.00618394 
10500 1463491323 881595 0.0148308 
10505 1463492064 890513 0.00676436 
10520 1463492677 648221 0.024639 
10530 1463493431 513997 0.0133094 
10545 1463494047 229250 0.0246235 
10566 1463494662 594013 0.0345762 
10580 1463495279 734362 0.0228036 
10594 1463495999 977606 0.0195952 
10610 1463496631 880703 0.025568 
10624 1463497571 457800 0.0149713 
10631 1463498205 696425 0.011073 
10642 1463498824 919393 0.0178792 
10649 1463499545 6870 0.0097399 
10659 1463500257 659860 0.0141189 
10675 1463500901 292397 0.0249995 
10688 1463501521 69087 0.0210724 
10702 1463502132 529507 0.0231287 
10721 1463502776 230685 0.0298138 
10736 1463503387 264830 0.0247698 
10756 1463504111 686687 0.0278386 
10781 1463504730 631293 0.0408851 
10808 1463505399 136797 0.0409617 
10822 1463506034 341614 0.0222803 
10845 1463506662 122001 0.0371439 
10866 1463507277 18492 0.0344732 
10883 1463507897 906539 0.0277063 
10904 1463508510 476872 0.0345552 
10930 1463509149 352146 0.0411824 
10950 1463509780 229928 0.0319451 
10963 1463510385 730900 0.0215759 
10979 1463511016 84847 0.0255975 
10989 1463511664 288947 0.0155163 
11007 1463512296 465687 0.0287517 
11024 1463512907 21017 0.028071 
11041 1463513522 759196 0.0278449 
11054 1463514272 121863 0.0174383 
11065 1463515259 370241 0.0111823 
11068 1463515940 158263 0.00440839 
11076 1463516545 675296 0.0132765 
11084 1463517210 380323 0.0120807 
11100 1463517843 700468 0.0254434 
11110 1463518463 95776 0.0162253 
11120 1463519089 58434 0.0160668 
11135 1463519865 122854 0.0194655 
11141 1463520523 670747 0.00914722 
11156 1463521191 18195 0.0226506 
11166 1463521847 355890 0.0153213 
11178 1463522606 720963 0.0158804 
11184 1463523253 616207 0.009294 
11198 1463524025 770953 0.0182419 
11204 1463524688 213212 0.00906357 
11210 1463525366 515497 0.00886383 
11218 1463525992 890531 0.0128396 
11227 1463526603 916274 0.0147958 
11241 1463527246 33147 0.0219801 
11254 1463528014 277216 0.0170173 
11267 1463528641 705241 0.020891 
11274 1463529272 63043 0.0111459 
11288 1463529884 651025 0.0230939 
11299 1463530707 766831 0.0134386 
11306 1463531350 682713 0.0109359 
11316 1463531959 602670 0.0164688 
11326 1463532625 118186 0.0150777 
11334 1463533596 719844 0.00825268 
11343 1463534214 252364 0.0146282 
11416 1463534856 645214 0.117609 
11478 1463535479 599891 0.101659 
11541 1463536100 495310 0.10438 
11597 1463536747 5393 0.0887819 
11647 1463537364 799509 0.0829745 
11707 1463537986 173319 0.0995911 
11748 1463538601 191954 0.0682161 
11812 1463539226 693491 0.106318 
11881 1463539851 244799 0.113937 
11948 1463540494 277742 0.107192 
12004 1463541121 306228 0.0917322 
12053 1463541747 384355 0.0797937 
12120 1463542380 615815 0.109071 
12166 1463542994 358585 0.0765026 
12222 1463543624 289458 0.0912912 
12269 1463544253 528797 0.0759557 
12327 1463544910 115548 0.0907356 
12394 1463545540 469715 0.110381 
12449 1463546184 701293 0.0878091 
12515 1463546806 252506 0.109445 
12570 1463547423 963952 0.0916345 
12628 1463548037 367554 0.0966234 
12675 1463548654 928516 0.0777228 
12723 1463549274 202353 0.0794645 
12802 1463549903 602137 0.130042 
12892 1463550528 408694 0.149981 
13015 1463551166 191014 0.202573 
13132 1463551799 602977 0.194879 
13332 1463552454 301119 0.331216 
13585 1463553101 345346 0.421354 
13904 1463553770 41866 0.531455 
14297 1463554444 363319 0.650611 
14784 1463555121 437899 0.80965 
15372 1463555808 576845 0.979888 
15960 1463556495 255878 0.979097 
16543 1463557172 503226 0.970788 
17088 1463557849 164737 0.907983 
17669 1463558537 297691 0.968305 
18393 1463559229 579642 1.20658 
19254 1463559906 438587 1.43435 
20059 1463560587 16671 1.34107 
21048 1463561266 956666 1.64823 
22014 1463561936 180467 1.60753 
22848 1463562609 230825 1.38851 
23858 1463563281 563167 1.68224 
24842 1463563963 845524 1.63829 
25845 1463564632 325504 1.66728 
26896 1463565311 578011 1.75026 
28018 1463565994 322054 1.86966 
29169 1463566663 450529 1.91787 
30373 1463567324 422563 2.00636 
31518 1463567991 856924 1.90816 
32779 1463568640 102618 2.10083 
34212 1463569289 945671 2.38528 
35778 1463569928 399558 2.60862 
37414 1463570564 409920 2.7265 
39148 1463571205 296021 2.88806 
40804 1463571838 687659 2.75976 
42452 1463572481 19529 2.74563 
43966 1463573122 79340 2.52138 
45564 1463573759 410319 2.66125 
47052 1463574402 318849 2.47943 
48504 1463575056 776519 2.41751 
49775 1463575717 995365 2.11769 
51052 1463576373 795575 2.12827 
52261 1463577039 59927 2.01162 
53406 1463577708 177060 1.90732 
54532 1463578370 776217 1.87631 
55566 1463579043 463691 1.72243 
56557 1463579733 572174 1.65024 
57446 1463580411 461280 1.47998 
58266 1463581082 877337 1.36646 
59033 1463581762 453515 1.27752 
59781 1463582443 908146 1.24447 
60490 1463583135 10723 1.17789 
61106 1463583819 634143 1.02642 
61686 1463584490 837787 0.965643 
62249 1463585179 720334 0.937164 
62771 1463585853 267656 0.869294 
63250 1463586530 493402 0.794797 
63696 1463587205 578529 0.741623 
64152 1463587884 169554 0.759032 
64584 1463588570 472794 0.719334 
65020 1463589246 776989 0.725699 
65424 1463589919 702331 0.669495 
65827 1463590596 210586 0.670969 
66248 1463591275 588216 0.700682 
66610 1463591951 33489 0.601598 
66982 1463592618 436298 0.619106 
67407 1463593282 60460 0.706679 
67860 1463593967 686404 0.750886 
68215 1463594648 85102 0.582467 
68614 1463595324 829556 0.664445 
69005 1463596001 886733 0.651605 
69366 1463596674 431483 0.601098 
69672 1463597332 147524 0.50812 
69875 1463597983 527529 0.335138 
70071 1463598642 50801 0.321487 
70194 1463599271 807824 0.204332 
70275 1463599904 45313 0.132278 
70339 1463600525 830153 0.106174 
70401 1463601162 789723 0.100103 
70452 1463601781 109628 0.0842277 
70517 1463602424 438879 0.104479 
70571 1463603049 239007 0.0885568 
70624 1463603666 942818 0.0879604 
70684 1463604290 807704 0.0995431 
70725 1463604904 238146 0.0681956 
70771 1463605523 620442 0.0759948 
70818 1463606138 164707 0.0780003 
70863 1463606755 827858 0.0745358 
70917 1463607377 821479 0.0895389 
70959 1463608004 586586 0.0685639 
71011 1463608622 194383 0.0866544 
71061 1463609250 409780 0.081279 
71116 1463609881 230199 0.0898426 
71163 1463610508 992509 0.0771017 
71213 1463611148 785694 0.0807534 
71272 1463611806 493157 0.0921984 
71319 1463612437 910476 0.0764286 
71373 1463613059 32217 0.0888606 
71426 1463613676 478796 0.0876639 
71492 1463614316 466392 0.1066 
71552 1463614942 848035 0.098639 
71594 1463615560 402510 0.0692036 
71653 1463616178 317206 0.0980498 
71711 1463616808 595245 0.0946593 
71757 1463617423 227098 0.0764745 
71816 1463618048 211285 0.0968546 
71886 1463618680 958459 0.115111 
71945 1463619311 919578 0.0967148 
72003 1463619933 49156 0.0959374 
72048 1463620562 157737 0.0733449 
72099 1463621183 513655 0.084345 
72153 1463621851 390922 0.082824 
72222 1463622477 135533 0.114116 
72288 1463623110 564732 0.107774 
72342 1463623725 107087 0.0893982 
72404 1463624361 438708 0.101067 
72462 1463624986 941419 0.0954903 
72510 1463625607 87121 0.0790237 
72551 1463626250 388750 0.0647593 
72601 1463626866 55097 0.0831207 
72664 1463627510 282850 0.101033 
72723 1463628138 396430 0.0962855 
72778 1463628772 430526 0.0888635 
72812 1463629394 93402 0.0556652 
72869 1463630015 539539 0.0942997 
72918 1463630682 931806 0.0751013 
72967 1463631316 219575 0.0793539 
73025 1463631939 887578 0.0951946 
73081 1463632558 986495 0.0925376 
73128 1463633176 323892 0.0775177 
73197 1463633814 490073 0.111701 
73250 1463634448 579238 0.0853152 
73321 1463635071 450399 0.11798 
73390 1463635701 843472 0.113689 
73473 1463636327 489395 0.137772 
73570 1463636962 388855 0.159839 
73682 1463637590 295659 0.1859 
73803 1463638224 463909 0.200822 
73969 1463638876 839715 0.275551 
74184 1463639533 181244 0.357001 
74480 1463640205 155975 0.492349 
74860 1463640879 256996 0.632931 
75260 1463641557 233165 0.66443 
75698 1463642234 921407 0.729844 
76156 1463642917 503971 0.761588 
76573 1463643599 405148 0.694767 
76988 1463644269 882211 0.690383 
77446 1463644949 454334 0.761399 
77953 1463645636 619886 0.844164 
78573 1463646316 468880 1.03052 
79310 1463647007 629972 1.22699 
80076 1463647692 712496 1.27553 
80856 1463648387 335039 1.29939 
81534 1463649067 93704 1.12915 
82245 1463649754 927199 1.18491 
82939 1463650443 42051 1.15626 
83612 1463651120 955767 1.11726 
84304 1463651796 181707 1.1522 
85043 1463652473 458199 1.2299 
85777 1463653150 593160 1.22218 
86571 1463653826 806256 1.32212 
87388 1463654514 332076 1.36058 
88251 1463655206 981649 1.43312 
89110 1463655886 632321 1.42864 
89987 1463656564 566352 1.45839 
90836 1463657228 976112 1.41463 
91738 1463657891 999858 1.50183 
92650 1463658577 533559 1.51733 
93548 1463659260 177850 1.49577 
94494 1463659946 229469 1.57196 
95411 1463660626 142509 1.5271 
96279 1463661302 245867 1.44633 
97163 1463661978 170216 1.4709 
98006 1463662666 152086 1.40492 
98861 1463663351 197391 1.42492 
99661 1463664029 964381 1.33305 
100459 1463664713 529544 1.3285 
101159 1463665386 203939 1.16381 
101857 1463666058 982270 1.16269 
102489 1463666742 424112 1.05058 
103094 1463667430 413575 1.00791 
103670 1463668109 215853 0.95971 
104233 1463668799 562591 0.936836 
104844 1463669477 537452 1.0149 
105442 1463670152 55592 0.996316 
106029 1463670827 105551 0.97507 
106705 1463671514 848972 1.1264 
107314 1463672184 354238 1.01345 
107941 1463672865 781907 1.04442 
108547 1463673545 741873 1.00949 
109168 1463674231 660265 1.02858 
109753 1463674899 319990 0.974955 
110259 1463675565 823251 0.843211 
110796 1463676251 907857 0.892367 
111338 1463676929 719966 0.902196 
111812 1463677602 224669 0.788915 
112348 1463678298 347233 0.892844 
112781 1463678980 645079 0.712662 
113201 1463679673 612074 0.694171 
116019 1463680299 15527 4.69662 
120455 1463680899 429703 7.39329 
125100 1463681501 825682 7.73981 
129955 1463682102 575144 8.08883 
135101 1463682702 637731 8.57577 
140767 1463683302 997712 9.44184 
147071 1463683903 77416 10.5053 
153617 1463684503 202271 10.9077 
160633 1463685103 218813 11.693 
168284 1463685703 231511 12.7514 
176553 1463686303 236908 13.7815 
185499 1463686903 273535 14.9091 
186424 1463687539 142000 1.49939 
186473 1463688152 733572 0.0816557 
186538 1463688772 579262 0.107406 
186592 1463689427 420599 0.0845043 
186652 1463690048 104243 0.0995807 
186694 1463690662 128970 0.0698215 
186752 1463691282 647808 0.0966198 
186796 1463691905 872516 0.072431 
186842 1463692534 618997 0.0754325 
186909 1463693171 547964 0.108197 
186955 1463693801 308185 0.0746542 
187012 1463694434 484213 0.0923192 
187057 1463695056 396338 0.0741383 
187113 1463695683 198208 0.0917161 
187170 1463696309 182889 0.0941063 
187218 1463696926 767037 0.0798891 
187282 1463697570 40102 0.102303 
187347 1463698192 155359 0.108045 
187410 1463698814 53580 0.104653 
187453 1463699429 57994 0.071419 
187501 1463700048 771869 0.079133 
187555 1463700668 340686 0.0891648 
187616 1463701309 924481 0.0976387 
187674 1463701934 785809 0.0957559 
187723 1463702571 99866 0.0788524 
187782 1463703218 638165 0.0942472 
187840 1463703849 293827 0.0941872 
187903 1463704476 523793 0.103666 
187944 1463705119 630341 0.0651398 
188005 1463705749 647020 0.10023 
188070 1463706372 869014 0.107326 
188137 1463706994 259591 0.111143 
188186 1463707615 357215 0.0807889 
188241 1463708237 346133 0.0909586 
188286 1463708858 464108 0.0738154 
188326 1463709473 696206 0.0661535 
188386 1463710100 482047 0.0986782 
188451 1463710717 71611 0.108177 
188507 1463711354 833433 0.0907836 
188581 1463711990 707217 0.119837 
188622 1463712616 983988 0.0669313 
188668 1463713243 99999 0.0749561 
188724 1463713873 96809 0.0906429 
188781 1463714493 659427 0.0945757 
188842 1463715118 371069 0.101044 
188898 1463715740 222910 0.092638 
188962 1463716362 184759 0.106071 
189029 1463716978 178575 0.111648 
189100 1463717609 497392 0.116307 
189152 1463718245 352275 0.0837752 
189218 1463718872 264366 0.108997 
189278 1463719489 547513 0.0999692 
189337 1463720105 317278 0.0983004 
189398 1463720729 803085 0.100728 
189453 1463721365 640825 0.0889083 
189505 1463721993 682012 0.0850398 
189581 1463722635 610054 0.123318 
189645 1463723254 463499 0.106659 
189718 1463723888 363320 0.119548 
189788 1463724515 171087 0.11631 
189876 1463725143 811999 0.145964 
189986 1463725777 604811 0.182824 
190070 1463726401 282764 0.139203 
190192 1463727048 553264 0.200338 
190313 1463727682 498865 0.201379 
190449 1463728318 15755 0.226125 
190590 1463728955 400985 0.233235 
190719 1463729591 672080 0.213397 
190846 1463730223 474125 0.211355 
190987 1463730864 435104 0.233233 
191145 1463731506 257530 0.261396 
191305 1463732148 39482 0.266514 
191475 1463732796 96116 0.281635 
191679 1463733457 136209 0.337917 
191889 1463734107 751440 0.349774 
192105 1463734771 971845 0.356795 
192319 1463735427 521845 0.356017 
192476 1463736076 621461 0.261426 
192682 1463736729 375983 0.342562 
192879 1463737386 649988 0.327307 
193054 1463738035 859700 0.289874 
193246 1463738680 635163 0.319907 
193475 1463739339 786019 0.379463 
193701 1463739998 394632 0.376187 
193856 1463740641 171619 0.257786 
194030 1463741289 544682 0.289839 
194199 1463741932 563734 0.281224 
194366 1463742569 659697 0.277882 
194545 1463743211 873740 0.296739 
194727 1463743858 916622 0.302361 
194892 1463744527 847056 0.266121 
195065 1463745181 21103 0.284927 
195257 1463745825 423959 0.319452 
195421 1463746470 255348 0.272398 
195600 1463747121 965937 0.295257 
195779 1463747766 330890 0.296734 
195957 1463748414 591982 0.295827 
196127 1463749060 929885 0.281845 
196277 1463749701 400644 0.249896 
196435 1463750346 925268 0.263289 
196597 1463750986 871419 0.269418 
196756 1463751645 636549 0.257464 
196918 1463752294 22622 0.267907 
197060 1463752925 306575 0.236508 
197228 1463753581 274275 0.273407 
197397 1463754220 926074 0.281512 
197554 1463754871 679816 0.256777 
197713 1463755513 317808 0.263917 
197845 1463756149 324605 0.219247 
197977 1463756786 724801 0.218486 
198112 1463757426 969386 0.222636 
198242 1463758067 730603 0.215675 
198370 1463758707 262180 0.21296 
198470 1463759333 689268 0.165532 
198591 1463759964 915503 0.201449 
198693 1463760594 641096 0.168485 
198801 1463761226 939122 0.178043 
198879 1463761869 109269 0.126207 
198973 1463762496 805133 0.156492 
199068 1463763127 645795 0.156429 
199189 1463763766 142372 0.199724 
199280 1463764405 356115 0.148851 
199390 1463765036 210442 0.182802 
199476 1463765694 332539 0.135714 
199550 1463766325 414001 0.121703 
199644 1463766957 139811 0.154917 
199727 1463767588 165077 0.136012 
199791 1463768214 953852 0.106308 
199870 1463768836 57416 0.131625 
199926 1463769472 280381 0.0906299 
199982 1463770086 363423 0.0931704 
200057 1463770712 218346 0.124385 
200120 1463771350 730283 0.102413 
200179 1463771994 865610 0.0947036 
200230 1463772615 973503 0.0843187 
200279 1463773233 154555 0.0814001 
200317 1463773843 293924 0.0632827 
200373 1463774465 79520 0.092821 
200412 1463775102 228217 0.0623408 
200453 1463775720 823433 0.0678258 
200510 1463776362 366157 0.0912203 
200562 1463776982 608373 0.0859245 
200615 1463777597 972145 0.0882469 
200665 1463778221 869818 0.0823205 
200713 1463778845 887778 0.0791154 
200765 1463779468 925819 0.0857717 
200820 1463780090 913856 0.0908757 
200857 1463780702 127155 0.0614028 
200889 1463781315 877802 0.0533216 
200936 1463781934 562110 0.0778331 
200976 1463782570 950239 0.0641162 
201025 1463783193 45745 0.0803268 
201070 1463783809 831392 0.0746138 
201137 1463784426 226349 0.111574 
201184 1463785046 17936 0.0774506 
201236 1463785663 969865 0.0862742 
201285 1463786292 763525 0.0796798 
201331 1463786910 268072 0.0762364 
201385 1463787538 919994 0.0886269 
201442 1463788177 190513 0.0917931 
201480 1463788795 553277 0.0625686 
201525 1463789432 122216 0.0721623 
201571 1463790057 818507 0.0753077 
201640 1463790681 328947 0.114579 
201677 1463791313 312193 0.0595557 
201732 1463791929 574256 0.0916443 
201789 1463792547 667675 0.0945785 
201835 1463793169 928467 0.0755835 
201884 1463793785 423683 0.081383 
201923 1463794399 505324 0.0648263 
201977 1463795030 113635 0.087877 
202022 1463795651 913302 0.0742735 
202065 1463796281 965333 0.0700098 
202102 1463796921 736245 0.0591431 
202152 1463797546 327645 0.081838 
202211 1463798172 596349 0.0964565 
202262 1463798791 270641 0.0847251 
202312 1463799422 500914 0.0812115 
202361 1463800078 177209 0.07675 
202423 1463800703 302985 0.102095 
202480 1463801326 917100 0.0936389 
202533 1463801972 41380 0.0843236 
202572 1463802608 70715 0.0624353 
202615 1463803223 307417 0.0714704 
202669 1463803845 538716 0.0893943 
202728 1463804499 850925 0.0930791 
202773 1463805148 645354 0.0711399 
202819 1463805759 893957 0.0766543 
202868 1463806375 846818 0.0816445 
202912 1463806997 228316 0.0721286 
202963 1463807623 685084 0.0831369 
203022 1463808248 561603 0.097642 
203087 1463808868 331214 0.108 
203153 1463809537 432350 0.101653 
203219 1463810169 723221 0.108228 
203287 1463810808 791120 0.109677 
203364 1463811437 798427 0.127053 
203468 1463812068 340944 0.173066 
203576 1463812714 656247 0.176668 
203689 1463813349 892400 0.187869 
203838 1463813994 511360 0.245576 
203983 1463814642 643386 0.2383 
204162 1463815292 851108 0.296036 
204361 1463815948 201122 0.330029 
204547 1463816597 704432 0.307935 
204719 1463817253 278686 0.280213 
204887 1463817891 61623 0.279656 
204997 1463818533 344102 0.180284 
205115 1463819163 670786 0.196276 
205254 1463819802 436167 0.228093 
205400 1463820436 248405 0.242984 
205580 1463821105 697664 0.291188 
205754 1463821750 861359 0.288047 
205916 1463822387 818091 0.269916 
206090 1463823033 476930 0.28848 
206341 1463823697 791309 0.415815 
206568 1463824348 918251 0.377218 
206821 1463825011 541008 0.421548 
207059 1463825665 61666 0.395387 
207299 1463826317 930799 0.398986 
207535 1463826979 688681 0.390516 
207793 1463827637 160850 0.429543 
208084 1463828302 433596 0.484064 
208322 1463828964 788391 0.395902 
208565 1463829615 213656 0.403393 
208797 1463830272 767886 0.385939 
209048 1463830933 88911 0.411696 
209282 1463831593 189117 0.389246 
209487 1463832251 148889 0.337892 
209705 1463832911 287491 0.362773 
209979 1463833574 930956 0.454517 
210262 1463834239 386621 0.467833 
210480 1463834890 662413 0.362646 
210742 1463835560 676415 0.431147 
211011 1463836208 776205 0.448126 
211325 1463836889 642326 0.513047 
211540 1463837545 695894 0.3572 
211770 1463838203 338143 0.38315 
212007 1463838859 783854 0.394272 
212278 1463839529 603570 0.441339 
212517 1463840179 372894 0.397915 
212778 1463840838 179598 0.434894 
213038 1463841495 727008 0.432751 
213246 1463842152 74950 0.345086 
213461 1463842805 242912 0.355185 
213690 1463843455 199566 0.379484 
213884 1463844108 668636 0.321172 
214099 1463844752 627934 0.357756 
214280 1463845414 436583 0.297399 
214483 1463846064 627429 0.336693 
214685 1463846707 30965 0.336475 
214884 1463847352 661027 0.331436 
215029 1463847987 293313 0.2414 
215151 1463848619 687032 0.203244 
215247 1463849251 622199 0.159147 
215349 1463849894 957102 0.166832 
215450 1463850524 604275 0.167531 
215533 1463851159 903060 0.135401 
215638 1463851802 166488 0.17289 
215761 1463852442 621809 0.204038 
215860 1463853069 221530 0.164414 
215937 1463853695 238995 0.12741 
216020 1463854328 491771 0.135961 
216088 1463854956 531185 0.112564 
216145 1463855575 64154 0.0944579 
216204 1463856217 120343 0.0950513 
216264 1463856862 688700 0.0955867 
216318 1463857480 757282 0.0897868 
216371 1463858104 874980 0.0872344 
216417 1463858727 163085 0.0755424 
216493 1463859354 633772 0.126209 
216550 1463859977 797544 0.0945061 
216606 1463860596 66532 0.0931318 
216661 1463861216 782751 0.0912106 
216713 1463861834 415561 0.0860595 
216749 1463862453 940716 0.0592677 
216797 1463863085 448706 0.07817 
216846 1463863705 989247 0.0807505 
216889 1463864317 48069 0.0715771 
216932 1463864939 198031 0.0708179 
216995 1463865567 150134 0.1036 
217044 1463866187 626869 0.0813074 
217110 1463866806 983689 0.109701 
217166 1463867501 183554 0.082725 
217214 1463868137 182761 0.0769883 
217265 1463868761 382085 0.0841317 
217322 1463869385 392412 0.0941232 
217365 1463870041 480304 0.0668319 
217429 1463870667 599004 0.106074 
217497 1463871292 487064 0.112551 
217543 1463871911 552254 0.0763983 
217596 1463872531 864668 0.0876553 
217651 1463873150 497030 0.0909189 
217695 1463873763 644566 0.0731577 
217737 1463874379 351492 0.0699466 
217774 1463875004 752027 0.060299 
217829 1463875625 351672 0.0906498 
217885 1463876249 314007 0.0923185 
217940 1463876903 254074 0.0862422 
217996 1463877526 820934 0.0928911 
218058 1463878148 709136 0.103319 
218102 1463878793 533227 0.0700466 
218146 1463879409 676270 0.0732147 
218195 1463880026 27452 0.0815708 
218264 1463880651 914247 0.114303 
218320 1463881273 939480 0.0926229 
218381 1463881890 144847 0.10132 
218448 1463882516 263401 0.110596 
218500 1463883145 286668 0.0856046 
218541 1463883790 990977 0.0649013 
218588 1463884417 110018 0.0765362 
218649 1463885061 435290 0.0981016 
218703 1463885692 853760 0.0882722 
218750 1463886331 896934 0.0751377 
218799 1463886952 300106 0.0809535 
218850 1463887601 839967 0.080541 
218896 1463888236 390962 0.0739726 
218959 1463888877 620167 0.101713 
219008 1463889513 617923 0.0789405 
219063 1463890152 783252 0.0880844 
219107 1463890768 535155 0.0730664 
219165 1463891390 904537 0.0962385 
219219 1463892011 573240 0.089273 
219269 1463892630 97016 0.0831613 
219311 1463893246 810671 0.0697403 
219374 1463893871 700075 0.103496 
219414 1463894487 266692 0.0659762 
219475 1463895114 372600 0.100269 
219534 1463895746 21405 0.0961075 
219602 1463896372 180560 0.112324 
219661 1463897032 140120 0.0916451 
219718 1463897649 778384 0.09479 
219793 1463898277 307727 0.123701 
219908 1463898911 782287 0.190205 
220030 1463899559 37662 0.197767 
220182 1463900202 16807 0.252894 
220320 1463900841 191714 0.229663 
220446 1463901472 175557 0.209682 
220595 1463902122 127227 0.243743 
220748 1463902764 706210 0.251968 
220924 1463903404 730747 0.293171 
221114 1463904044 714987 0.316541 
221313 1463904693 51915 0.331666 
221482 1463905339 158062 0.281313 
221705 1463905999 850647 0.371535 
221947 1463906654 626082 0.403045 
222159 1463907300 955378 0.352888 
222392 1463907951 858874 0.387764 
222652 1463908620 968110 0.428463 
222897 1463909280 986503 0.407513 
223123 1463909943 465033 0.372524 
223304 1463910592 504547 0.300783 
223523 1463911240 229720 0.362945 
223763 1463911898 579347 0.397976 
223984 1463912551 181167 0.368049 
224216 1463913201 792966 0.386084 
224460 1463913864 947599 0.404971 
224682 1463914517 110921 0.367595 
224943 1463915173 593381 0.434256 
225178 1463915826 732752 0.38978 
225450 1463916491 397027 0.44979 
225722 1463917157 187155 0.447885 
226001 1463917820 421370 0.46495 
226240 1463918480 283597 0.397285 
226500 1463919145 175803 0.432347 
226761 1463919804 326165 0.434755 
227039 1463920465 429802 0.460671 
227335 1463921130 53221 0.491705 
227619 1463921795 909717 0.470537 
227893 1463922460 982109 0.453776 
228138 1463923117 150277 0.408139 
228384 1463923774 829594 0.407608 
228656 1463924425 897135 0.453112 
228906 1463925082 407063 0.414939 
229172 1463925747 470195 0.44246 
229412 1463926402 410480 0.395909 
229655 1463927060 955780 0.404708 
229872 1463927712 476173 0.359487 
230104 1463928372 737202 0.384979 
230340 1463929038 159211 0.38951 
230560 1463929696 970781 0.362364 
230764 1463930352 915877 0.339382 
230948 1463930994 448541 0.306076 
231144 1463931642 794320 0.326205 
231340 1463932297 39080 0.323988 
231550 1463932944 786250 0.349189 
231762 1463933595 229515 0.351945 
231989 1463934251 766110 0.378285 
232201 1463934907 360601 0.34952 
232375 1463935557 904270 0.288047 
232560 1463936205 47890 0.306837 
232701 1463936848 921455 0.233584 
232843 1463937483 656049 0.236495 
232956 1463938120 934269 0.187873 
233078 1463938754 81736 0.203204 
233215 1463939394 436738 0.226549 
233335 1463940030 370286 0.197366 
233452 1463940668 449132 0.194475 
233573 1463941313 427699 0.199247 
233668 1463941946 303184 0.157161 
233774 1463942596 792100 0.171732 
233884 1463943233 598127 0.181315 
233982 1463943885 377530 0.157868 
234079 1463944514 198975 0.160459 
234170 1463945145 504912 0.150705 
234230 1463945763 551912 0.0999734 
234281 1463946378 56313 0.0847638 
234342 1463947011 14735 0.0995067 
234384 1463947624 83659 0.0699227 
234431 1463948247 178682 0.0776822 
234482 1463948867 812654 0.0844197 
234526 1463949507 227220 0.0706431 
234588 1463950125 476533 0.103276 
234652 1463950752 167299 0.105677 
234695 1463951393 654922 0.0684129 
234739 1463952016 840626 0.0720606 
234794 1463952656 294665 0.0878373 
234847 1463953291 100677 0.0856849 
234898 1463953914 341531 0.0837502 
234952 1463954539 865268 0.0890517 
234992 1463955160 25742 0.0660836 
235053 1463955782 475477 0.101321 
235106 1463956404 386981 0.0880861 
235167 1463957032 450570 0.099757 
235226 1463957656 192460 0.0976571 
235281 1463958280 513735 0.0906111 
235336 1463958899 356782 0.09132 
235379 1463959539 712213 0.0687073 
235420 1463960154 511855 0.0681119 
235473 1463960803 716493 0.083772 
235531 1463961424 750948 0.0961603 
235587 1463962043 648025 0.0929237 
235642 1463962669 473744 0.0904897 
235698 1463963298 565569 0.0915172 
235756 1463963926 574495 0.0953885 
235809 1463964549 719894 0.0874243 
235863 1463965171 584777 0.0891917 
235910 1463965802 490759 0.0762116 
235961 1463966430 429996 0.0833574 
236010 1463967058 906262 0.0800811 
236066 1463967678 276369 0.0922145 
236131 1463968306 951183 0.106655 
236175 1463968920 257207 0.073171 
236231 1463969548 843795 0.0912917 
236275 1463970172 35539 0.0722629 
236349 1463970838 773822 0.114925 
236409 1463971464 298638 0.0986361 
236456 1463972174 283951 0.0676022 
236510 1463972812 795946 0.0868618 
236558 1463973471 496365 0.07452 
236612 1463974098 725426 0.088622 
236661 1463974715 669322 0.0811232 
236715 1463975342 352303 0.0886878 
236764 1463975959 601183 0.0809347 
236813 1463976580 383635 0.0806463 
236864 1463977206 208542 0.0834832 
236910 1463977875 631032 0.0699103 
236969 1463978508 364660 0.0960729 
237032 1463979124 638055 0.104927 
237085 1463979745 312138 0.087593 
237135 1463980362 177450 0.0831712 
237183 1463980979 167234 0.0794145 
237248 1463981601 285160 0.108116 
237302 1463982230 176611 0.0886878 
237377 1463982863 677841 0.12254 
237464 1463983500 317519 0.141897 
237559 1463984128 17705 0.158094 
237666 1463984762 301243 0.178276 
237789 1463985394 655120 0.204271 
237886 1463986026 7942 0.161425 
238023 1463986664 977974 0.227755 
238160 1463987311 634139 0.224488 
238319 1463987955 953217 0.263817 
238553 1463988614 534737 0.389296 
238737 1463989268 730358 0.302342 
238963 1463989927 250020 0.373833 
239224 1463990592 288710 0.432884 
239514 1463991262 830129 0.482432 
239959 1463991937 319345 0.739146 
240329 1463992621 628119 0.616561 
240770 1463993296 608659 0.73414 
241286 1463993967 90317 0.859764 
241721 1463994644 174986 0.724394 
242111 1463995309 97952 0.648498 
242559 1463995991 574362 0.740875 
243034 1463996655 389382 0.790736 
243541 1463997332 394319 0.842925 
244054 1463998021 962042 0.854973 
244484 1463998686 36363 0.716593 
244898 1463999373 679397 0.689964 
245364 1464000040 364528 0.775331 
245864 1464000712 478798 0.832882 
246451 1464001386 642243 0.978206 
247093 1464002062 436805 1.06898 
247613 1464002740 964052 0.862133 
248095 1464003423 837808 0.802588 
248628 1464004115 961217 0.887898 
249204 1464004818 266544 0.952284 
249652 1464005493 38992 0.745178 
250004 1464006150 939559 0.583877 
250360 1464006821 386502 0.589191 
250777 1464007493 920805 0.694951 
251168 1464008158 336584 0.649052 
251568 1464008832 354521 0.666124 
252105 1464009510 497364 0.894387 
252554 1464010175 463511 0.746663 
252980 1464010844 24101 0.708645 
253350 1464011499 260237 0.61656 
253742 1464012180 417737 0.646622 
254198 1464012852 344842 0.755498 
254610 1464013525 663412 0.685845 
255020 1464014208 639089 0.681853 
255368 1464014872 815942 0.579304 
255664 1464015533 933103 0.491804 
255940 1464016205 724361 0.457466 
256221 1464016872 281296 0.466965 
256452 1464017530 60725 0.384343 
256670 1464018190 169662 0.36186 
256905 1464018859 255937 0.388246 
257132 1464019513 117103 0.377906 
257342 1464020158 96635 0.349707 
257534 1464020816 237778 0.314977 
257737 1464021458 294225 0.335963 
257903 1464022102 357816 0.274509 
258051 1464022743 873213 0.244454 
258226 1464023389 14203 0.289654 
258385 1464024032 953489 0.264994 
258560 1464024679 532534 0.288839 
258726 1464025335 387982 0.272579 
258881 1464025989 66881 0.256286 
259054 1464026645 688225 0.284313 
259215 1464027290 259047 0.268068 
259345 1464027927 471 0.214206 
259478 1464028563 841854 0.221528 
259580 1464029194 740992 0.169684 
259657 1464029827 933430 0.126676 
259726 1464030459 633202 0.112544 
259792 1464031086 792198 0.108841 
259856 1464031714 296555 0.106444 
259920 1464032359 606669 0.101952 
259978 1464032990 383570 0.0941465 
260034 1464033608 257328 0.0932 
260086 1464034225 618674 0.0865035 
260133 1464034840 536323 0.0782217 
260183 1464035463 611196 0.0830824 
260246 1464036086 24781 0.104279 
260312 1464036748 146148 0.102993 
260362 1464037380 928156 0.0811976 
260416 1464037997 672256 0.0894289 
260478 1464038632 498104 0.10022 
260532 1464039253 661113 0.0896722 
260584 1464039892 284432 0.0833302 
260629 1464040525 816485 0.0727924 
260681 1464041148 603733 0.0852011 
260739 1464041788 633760 0.0933959 
260800 1464042408 867722 0.101206 
260853 1464043027 413360 0.0881825 
260914 1464043648 440393 0.101557 
260972 1464044310 399491 0.0902576 
261026 1464044932 822735 0.0890824 
261093 1464045588 153628 0.105461 
261140 1464046213 794273 0.0770947 
261191 1464046837 898881 0.083867 
261236 1464047462 377791 0.0736938 
261293 1464048105 312020 0.0915322 
261340 1464048742 944932 0.0757086 
261393 1464049365 534100 0.0874047 
261443 1464049979 160610 0.0832585 
261510 1464050631 565155 0.106039 
261555 1464051261 855398 0.0729484 
261624 1464051889 245247 0.113284 
261686 1464052512 50339 0.102845 
261744 1464053143 341848 0.0944309 
261799 1464053773 515606 0.089519 
261848 1464054402 308837 0.0799194 
261917 1464055041 290016 0.112252 
261976 1464055677 657622 0.0952448 
262028 1464056310 977660 0.0846423 
262084 1464056936 197693 0.0924839 
262139 1464057556 203481 0.0909599 
262194 1464058172 238477 0.0914536 
262246 1464058801 785160 0.0849731 
262305 1464059426 897309 0.0968442 
262357 1464060040 230651 0.086532 
262415 1464060672 433999 0.0945667 
262475 1464061301 975850 0.0985548 
262518 1464061923 217091 0.0705984 
262578 1464062555 181236 0.0984207 
262650 1464063193 983298 0.116517 
262717 1464063818 674019 0.110026 
262764 1464064476 932199 0.0730411 
262822 1464065122 885105 0.0924684 
262881 1464065761 351406 0.0947756 
262938 1464066381 866977 0.0946109 
262993 1464067003 821926 0.0910342 
263047 1464067624 596738 0.0894211 
263105 1464068248 32874 0.0955259 
263167 1464068886 519454 0.0999036 
263211 1464069521 692337 0.070578 
263272 1464070150 298258 0.100872 
263332 1464070789 658249 0.0960738 
263383 1464071418 954113 0.0826124 
263438 1464072034 301217 0.0916099 
263503 1464072654 455742 0.107988 
263566 1464073279 590333 0.103527 
263630 1464073907 776058 0.105511 
263687 1464074541 417804 0.0929239 
263744 1464075166 900011 0.0937456 
263827 1464075797 281794 0.138237 
263916 1464076445 799796 0.14422 
263979 1464077084 924816 0.102092 
264048 1464077708 286744 0.113322 
264151 1464078343 247691 0.169273 
264242 1464078980 686813 0.150259 
264351 1464079620 885090 0.17917 
264473 1464080256 140058 0.203077 
264609 1464080897 317690 0.226377 
264732 1464081529 348642 0.204978 
264907 1464082181 235612 0.290518 
265096 1464082828 590121 0.310391 
265330 1464083477 580065 0.387789 
265566 1464084139 656073 0.39152 
265862 1464084810 198370 0.490963 
266204 1464085475 203290 0.568592 
266519 1464086143 462954 0.524736 
266861 1464086818 9241 0.567685 
267110 1464087471 943350 0.413857 
267396 1464088138 442110 0.472543 
267655 1464088799 306368 0.430097 
268039 1464089472 758207 0.63815 
268377 1464090147 636049 0.562989 
268782 1464090813 616690 0.674822 
269174 1464091491 376267 0.652358 
269686 1464092174 271767 0.850547 
270184 1464092849 490112 0.829703 
270789 1464093528 810708 1.0074 
271509 1464094211 102870 1.19858 
272157 1464094895 152893 1.07969 
272683 1464095585 844701 0.873914 
273113 1464096270 549615 0.716134 
273601 1464096954 101692 0.810159 
274050 1464097635 606686 0.748186 
274427 1464098296 186520 0.626343 
274713 1464098958 176696 0.476587 
275047 1464099628 535149 0.556581 
275317 1464100285 282394 0.449424 
275636 1464100950 195236 0.528822 
275927 1464101622 301280 0.475553 
276181 1464102274 137360 0.421619 
276408 1464102922 343631 0.373635 
276658 1464103577 500049 0.416384 
276841 1464104229 759298 0.303246 
277030 1464104875 266379 0.313091 
277230 1464105533 757886 0.333137 
277414 1464106184 620277 0.303417 
277582 1464106830 446731 0.278691 
277744 1464107482 500410 0.266864 
277881 1464108128 776568 0.22541 
278044 1464108779 335872 0.271548 
278169 1464109417 547584 0.207388 
278323 1464110064 951804 0.256033 
278498 1464110726 342608 0.28403 
278636 1464111358 243474 0.228078 
278762 1464111993 217221 0.209254 
278862 1464112625 892686 0.166568 
278974 1464113271 862128 0.181247 
279077 1464113931 214114 0.164088 
279150 1464114558 941579 0.121411 
279223 1464115198 424268 0.1178 
279298 1464115825 873598 0.124307 
279366 1464116447 578711 0.113244 
279429 1464117090 915770 0.101088 
279487 1464117710 943998 0.0958073 
279557 1464118339 920310 0.115176 
279630 1464118958 852656 0.121124 
279690 1464119578 417712 0.0998043 
279754 1464120207 973727 0.105232 
279809 1464120834 556458 0.0898631 
279863 1464121451 152882 0.0899885 
279924 1464122081 645042 0.0996872 
279977 1464122704 258114 0.0875069 
280032 1464123323 595450 0.0915012 
280080 1464123955 825626 0.0779052 
280128 1464124608 993729 0.0751777 
280183 1464125232 542163 0.0905535 
280253 1464125858 758351 0.115487 
280317 1464126499 756683 0.102929 
280367 1464127116 946119 0.0832117 
280423 1464127744 154076 0.0917374 
280482 1464128365 230242 0.097194 
280530 1464129000 370620 0.0774958 
280587 1464129621 826413 0.0944061 
280627 1464130245 37179 0.0655103 
280693 1464130866 642342 0.109263 
280749 1464131506 921785 0.0901839 
280817 1464132141 350849 0.111128 
280873 1464132761 100931 0.0929318 
280937 1464133381 465044 0.106652 
280996 1464134019 939408 0.0952947 
281048 1464134651 273944 0.0845068 
281110 1464135269 340645 0.103306 
281174 1464135896 645482 0.105675 
281235 1464136520 943077 0.100764 
281299 1464137142 244679 0.106129 
281353 1464137761 411324 0.0895697 
281425 1464138392 885279 0.118428 
281488 1464139042 814431 0.0992092 
281543 1464139680 653149 0.0889467 
281616 1464140333 339584 0.115969 
281679 1464140956 595401 0.104808 
281741 1464141591 20514 0.100489 
281806 1464142219 155733 0.107622 
281877 1464142858 609628 0.115618 
281947 1464143484 378168 0.116528 
282001 1464144102 600964 0.0899767 
282068 1464144722 78767 0.111055 
282131 1464145346 491016 0.103852 
282181 1464145974 400874 0.0820436 
282246 1464146600 332986 0.108035 
282307 1464147221 270358 0.101146 
282373 1464147848 351691 0.109611 
282437 1464148469 384535 0.106202 
282504 1464149099 289953 0.110029 
282565 1464149727 876269 0.0996709 
282626 1464150349 839917 0.101469 
282685 1464150990 911976 0.0947321 
282738 1464151627 50533 0.0856058 
282811 1464152251 476919 0.120899 
282880 1464152875 910056 0.114123 
282932 1464153517 148191 0.0825668 
282984 1464154148 983251 0.0843166 
283046 1464154771 755310 0.10289 
283104 1464155391 416227 0.0966002 
283169 1464156016 405122 0.107973 
283227 1464156640 285902 0.096045 
283293 1464157270 989570 0.108852 
283350 1464157889 904293 0.0944253 
283414 1464158513 791457 0.105773 
283474 1464159138 945046 0.0985971 
283551 1464159765 517059 0.127268 
283646 1464160391 105021 0.157911 
283742 1464161020 52496 0.159824 
283846 1464161658 445530 0.171522 
283974 1464162301 713324 0.210766 
284092 1464162933 467005 0.195273 
284232 1464163573 135488 0.232108 
284363 1464164222 803003 0.212978 
284529 1464164868 310353 0.274687 
284699 1464165516 690901 0.282407 
284873 1464166162 995884 0.287453 
285052 1464166814 605541 0.295398 
285176 1464167448 594539 0.205937 
285298 1464168089 714892 0.200793 
285428 1464168717 697275 0.216491 
285632 1464169369 976142 0.339379 
285821 1464170021 523918 0.314467 
285998 1464170666 72449 0.292346 
286263 1464171332 480200 0.441115 
286497 1464171992 279428 0.387712 
286700 1464172640 248968 0.336641 
286858 1464173289 990260 0.260636 
287021 1464173929 793351 0.270961 
287239 1464174590 752764 0.362794 
287442 1464175240 204560 0.338078 
287658 1464175910 368525 0.355915 
287829 1464176555 188651 0.28466 
287990 1464177197 365297 0.267839 
288188 1464177848 809815 0.329758 
288396 1464178496 202423 0.344836 
288582 1464179141 640339 0.309753 
288830 1464179797 114961 0.412652 
289055 1464180460 965347 0.369963 
289299 1464181110 283988 0.403064 
289556 1464181771 138739 0.426651 
289817 1464182434 877968 0.433958 
290086 1464183103 207464 0.447687 
290379 1464183762 589657 0.488172 
290637 1464184415 101156 0.429545 
290899 1464185065 648039 0.435592 
291140 1464185719 913760 0.401225 
291368 1464186370 250070 0.376568 
291561 1464187022 519761 0.320966 
291740 1464187667 712827 0.298006 
291940 1464188321 237477 0.332863 
292132 1464188965 51860 0.319447 
292326 1464189624 56813 0.315354 
292527 1464190283 473701 0.334955 
292748 1464190937 172152 0.366103 
292971 1464191597 347146 0.369813 
293183 1464192244 279075 0.352501 
293368 1464192892 40618 0.307046 
293554 1464193540 20539 0.309974 
293714 1464194186 346487 0.266111 
293902 1464194838 568614 0.311736 
294084 1464195488 939330 0.300079 
294226 1464196132 961981 0.235378 
294389 1464196787 422605 0.266577 
294546 1464197425 1506 0.261539 
294666 1464198052 59231 0.199959 
294800 1464198704 185919 0.217594 
294894 1464199327 596872 0.156464 
294979 1464199967 251184 0.138011 
295086 1464200612 731810 0.174508 
295170 1464201250 573029 0.136415 
295262 1464201875 304318 0.15333 
295337 1464202508 698508 0.122477 
295418 1464203145 371285 0.131428 
295486 1464203772 692352 0.111721 
295549 1464204403 760025 0.103131 
295615 1464205025 326802 0.10999 
295684 1464205655 146269 0.112831 
295748 1464206276 445892 0.106258 
295813 1464206899 809500 0.10763 
295866 1464207529 450900 0.0863227 
297720 1464208149 357768 3.08976 
300044 1464208758 129285 3.86842 
302452 1464209371 867893 4.01106 
304815 1464209988 374045 3.93515 
306015 1464210610 41895 1.9889 
306084 1464211249 225934 0.111351 
306142 1464211872 155239 0.0951698 
306203 1464212494 494216 0.100791 
306263 1464213117 80945 0.0995042 
306325 1464213747 56080 0.100853 
306393 1464214382 686521 0.110646 
306466 1464215014 810075 0.119833 
306538 1464215638 93498 0.119522 
306591 1464216261 145444 0.0873383 
306640 1464216883 798347 0.0805884 
306703 1464217536 422250 0.0989145 
306767 1464218167 535621 0.104624 
306844 1464218809 247511 0.124432 
306916 1464219434 611974 0.119176 
306987 1464220076 289363 0.114533 
307044 1464220697 867774 0.0940349 
307098 1464221323 502538 0.0888286 
307161 1464221946 564493 0.104047 
307239 1464222578 850023 0.127939 
307303 1464223203 769875 0.105311 
307366 1464223824 638399 0.104347 
307426 1464224444 164394 0.0994919 
307471 1464225079 851435 0.0727034 
307535 1464225700 731526 0.106446 
307596 1464226327 618399 0.10061 
307650 1464226955 883972 0.0891195 
307717 1464227580 222636 0.111478 
307793 1464228207 653279 0.125992 
307861 1464228833 566669 0.112138 
307921 1464229453 6661 0.0998182 
307985 1464230074 252020 0.106527 
308040 1464230692 488492 0.0913535 
308106 1464231324 864194 0.108187 
308162 1464231942 303140 0.0932099 
308223 1464232572 645204 0.0997731 
308279 1464233191 286497 0.0931794 
308337 1464233850 140988 0.0905958 
308399 1464234487 393777 0.100462 
308458 1464235119 339068 0.0964909 
308517 1464235739 424516 0.0977882 
308573 1464236361 254674 0.0931807 
308634 1464236993 322248 0.0997201 
308698 1464237615 122699 0.105869 
308763 1464238244 804503 0.106322 
308825 1464238867 786112 0.102561 
308888 1464239487 606402 0.104956 
308944 1464240113 672454 0.0925526 
309019 1464240775 773329 0.117164 
309095 1464241398 869366 0.12628 
309160 1464242042 55202 0.10424 
309233 1464242673 322418 0.120825 
309314 1464243301 272542 0.133716 
309400 1464243932 159496 0.142302 
309486 1464244563 727626 0.142686 
309582 1464245195 808152 0.159521 
309735 1464245843 422174 0.253116 
309895 1464246483 210825 0.266553 
310041 1464247120 808982 0.242152 
310158 1464247750 694681 0.194819 
310310 1464248394 519141 0.253226 
310455 1464249033 821819 0.24041 
310606 1464249676 487448 0.251588 
310778 1464250324 557728 0.285911 
310930 1464250970 96019 0.249594 
311106 1464251612 317879 0.293107 
311281 1464252256 495489 0.288666 
311460 1464252901 818578 0.29663 
311602 1464253560 262579 0.231482 
311776 1464254203 765400 0.289429 
311952 1464254851 650852 0.291507 
312116 1464255490 649851 0.272628 
312312 1464256140 772353 0.326451 
312487 1464256786 436710 0.290374 
312667 1464257438 23646 0.297667 
312883 1464258089 510312 0.359865 
313074 1464258748 851265 0.315607 
313302 1464259414 983261 0.376014 
313492 1464260066 696416 0.312609 
313693 1464260709 716563 0.334479 
313885 1464261357 917842 0.317558 
314112 1464262022 245966 0.373937 
314299 1464262668 175360 0.307999 
314501 1464263315 134112 0.335521 
314709 1464263969 171798 0.345697 
314930 1464264624 860519 0.368305 
315122 1464265264 360857 0.319247 
315309 1464265913 189071 0.3104 
315529 1464266567 467438 0.363393 
315726 1464267221 819084 0.328311 
315927 1464267878 174663 0.334765 
316126 1464268540 276576 0.32379 
316325 1464269191 483807 0.331409 
316538 1464269848 270404 0.354505 
316756 1464270499 134452 0.361911 
316957 1464271145 920978 0.333486 
317160 1464271793 121029 0.337975 
317339 1464272455 921322 0.291818 
317528 1464273101 690359 0.314702 
317736 1464273759 283248 0.343292 
317938 1464274423 908273 0.330078 
318132 1464275074 162790 0.319599 
318311 1464275720 214743 0.296079 
318495 1464276379 649217 0.300652 
318673 1464277027 652253 0.295472 
318828 1464277663 79045 0.258218 
318969 1464278305 789109 0.233954 
319135 1464278950 455132 0.276401 
319276 1464279601 471309 0.229802 
319412 1464280237 268214 0.225604 
319569 1464280878 198963 0.261001 
319695 1464281520 135146 0.20669 
319821 1464282168 607253 0.206496 
319952 1464282805 256635 0.218065 
320078 1464283457 423830 0.203691 
320207 1464284106 548214 0.210653 
320349 1464284748 898838 0.236614 
320486 1464285386 154631 0.226503 
320601 1464286023 833020 0.190243 
320692 1464286648 779540 0.151614 
320807 1464287287 971089 0.188697 
320909 1464287924 209196 0.168633 
321004 1464288567 821413 0.154828 
321100 1464289198 494849 0.159317 
321187 1464289834 886847 0.142676 
321258 1464290463 435478 0.117058 
321321 1464291095 436767 0.102526 
321391 1464291744 935126 0.110701 
321444 1464292363 263771 0.0878697 
321504 1464292980 333132 0.0996728 
321569 1464293615 126776 0.106121 
321640 1464294258 592790 0.114475 
321690 1464294871 28729 0.0832062 
321747 1464295512 939603 0.0909271 
321803 1464296131 552819 0.09295 
321862 1464296767 875245 0.0958549 
321932 1464297412 586879 0.112747 
321988 1464298035 61849 0.0928376 
322045 1464298678 48459 0.0922467 
322105 1464299299 891968 0.099024 
322167 1464299918 877786 0.102821 
322233 1464300544 309184 0.109097 
322288 1464301173 210921 0.089129 
322367 1464301816 529244 0.126715 
322424 1464302436 571973 0.0944302 
322478 1464303084 681456 0.0854465 
322539 1464303706 200121 0.101411 
322612 1464304336 828685 0.119495 
322671 1464304956 58992 0.0982955 
322739 1464305583 311557 0.112944 
322791 1464306234 991181 0.0820157 
322841 1464306853 42543 0.0828232 
322914 1464307489 653595 0.119572 
322984 1464308169 694740 0.106401 
323038 1464308798 841438 0.0882338 
323086 1464309414 298296 0.0795753 
323154 1464310056 289902 0.109449 
323208 1464310674 381261 0.0898281 
323264 1464311306 78883 0.0909717 
323336 1464311942 662282 0.117503 
323396 1464312562 146915 0.0996825 
323452 1464313200 979269 0.0905169 
323502 1464313820 568989 0.0823792 
323557 1464314449 602744 0.0906681 
323618 1464315067 510976 0.101492 
323695 1464315696 102470 0.127008 
323764 1464316331 257338 0.112236 
323823 1464316967 263142 0.0950526 
323882 1464317627 884271 0.091654 
323931 1464318264 962738 0.0786693 
323986 1464318900 324145 0.0888363 
324047 1464319552 568502 0.0960153 
324112 1464320174 735753 0.10778 
324178 1464320800 330087 0.109421 
324239 1464321425 827257 0.100207 
324303 1464322066 736149 0.103172 
324350 1464322684 162606 0.0778632 
324423 1464323306 921193 0.12153 
324498 1464323941 501269 0.123349 
324547 1464324614 77896 0.0747347 
324602 1464325236 619672 0.0909157 
324673 1464325866 227543 0.116392 
324739 1464326489 750768 0.108869 
324817 1464327113 695327 0.129861 
324871 1464327730 983646 0.0899727 
324941 1464328361 910969 0.114543 
325018 1464328992 92369 0.126627 
325114 1464329620 679 0.159593 
325231 1464330264 173861 0.191934 
325352 1464330893 208538 0.20087 
325476 1464331537 614904 0.202124 
325576 1464332168 441402 0.165233 
325674 1464332802 458969 0.162996 
325771 1464333434 900912 0.160811 
325879 1464334068 719710 0.17951 
325992 1464334703 16132 0.187258 
326116 1464335328 182999 0.206269 
326269 1464335970 771312 0.253521 
326387 1464336606 539586 0.196227 
326503 1464337235 88332 0.192932 
326639 1464337873 408941 0.226363 
326787 1464338513 501444 0.244884 
326945 1464339158 176236 0.262359 
327138 1464339817 440186 0.31959 
327239 1464340453 559569 0.166771 
327358 1464341088 85675 0.197132 
327461 1464341715 953564 0.171525 
327577 1464342355 121568 0.190915 
327730 1464342998 532711 0.254847 
327902 1464343652 918584 0.284247 
328067 1464344307 590414 0.271258 
328280 1464344965 761370 0.354874 
328494 1464345619 205876 0.355713 
328677 1464346268 397451 0.303102 
328891 1464346921 82979 0.35098 
329096 1464347575 859314 0.337735 
329237 1464348216 757827 0.234362 
329346 1464348856 877361 0.181493 
329462 1464349485 761102 0.192802 
329623 1464350129 288704 0.268166 
329774 1464350777 768282 0.249679 
329928 1464351418 173233 0.25535 
330095 1464352069 426022 0.275732 
330220 1464352705 941812 0.208133 
330371 1464353350 774643 0.25074 
330526 1464353995 199591 0.257403 
330680 1464354641 369959 0.253954 
330831 1464355282 808268 0.250358 
331004 1464355935 8064 0.286777 
331239 1464356597 250010 0.388095 
331437 1464357248 486 0.329715 
331617 1464357901 182900 0.295023 
331799 1464358552 822768 0.301462 
332001 1464359212 380910 0.329215 
332211 1464359879 796506 0.342856 
332412 1464360524 112375 0.333992 
332570 1464361175 530183 0.262247 
332754 1464361818 46942 0.306657 
332912 1464362483 834214 0.252038 
333085 1464363124 303302 0.28761 
333243 1464363770 856862 0.260832 
333395 1464364413 703199 0.251679 
333558 1464365059 649712 0.269157 
333722 1464365707 651615 0.27279 
333871 1464366354 827023 0.247875 
334014 1464366988 783148 0.237372 
334157 1464367641 903652 0.235842 
334276 1464368289 588693 0.193729 
334397 1464368932 801132 0.201344 
334504 1464369563 30057 0.177544 
334638 1464370205 196525 0.223154 
334755 1464370838 298123 0.194766 
334867 1464371493 331798 0.17938 
334968 1464372132 123137 0.166267 
335082 1464372767 881424 0.189168 
335179 1464373407 86214 0.158889 
335259 1464374036 960697 0.132358 
335341 1464374679 563236 0.133017 
335405 1464375301 98958 0.106485 
335466 1464375951 154374 0.0971931 
335522 1464376574 390174 0.0926181 
335593 1464377217 121344 0.11347 
335665 1464377838 581244 0.119929 
335731 1464378458 36655 0.109874 
335791 1464379098 204496 0.0961365 
335846 1464379715 489594 0.0914888 
335906 1464380347 525354 0.0979456 
335955 1464380999 862377 0.0770241 
336012 1464381632 424822 0.0928468 
336073 1464382261 919100 0.0995888 
336132 1464382896 994380 0.0962965 
336206 1464383528 779331 0.121461 
336265 1464384147 229060 0.0978672 
336329 1464384762 652187 0.106591 
336378 1464385395 106334 0.0791198 
336441 1464386043 308111 0.0993396 
336500 1464386667 547378 0.0971453 
336571 1464387288 358290 0.117872 
336633 1464387909 662730 0.103012 
336693 1464388531 679770 0.099564 
336744 1464389170 246234 0.0814358 
336789 1464389784 301752 0.0748684 
336848 1464390415 277258 0.0967934 
336916 1464391038 468754 0.112978 
336972 1464391670 563730 0.0909398 
337029 1464392300 2884 0.0931344 
337079 1464392915 816205 0.0828477 
337122 1464393533 202693 0.0712717 
337182 1464394151 709724 0.0995301 
337238 1464394784 612205 0.0914549 
337296 1464395411 191682 0.0956548 
337352 1464396031 478439 0.0928194 
337412 1464396653 912578 0.0994458 
337467 1464397293 521512 0.0879352 
337526 1464397914 416120 0.0980798 
337579 1464398535 664345 0.0875613 
337640 1464399159 23854 0.101117 
337698 1464399801 397486 0.0926828 
337761 1464400422 560045 0.104927 
337808 1464401050 763999 0.0762247 
337882 1464401683 907626 0.121264 
337947 1464402302 565337 0.108272 
338012 1464402943 955599 0.103893 
338063 1464403578 27654 0.08305 
338126 1464404209 534105 0.102829 
338180 1464404828 486998 0.0893377 
338240 1464405466 766784 0.0968505 
338297 1464406095 585860 0.0929573 
338351 1464406725 971089 0.0877222 
338434 1464407353 288626 0.137036 
338500 1464407977 450218 0.108797 
338548 1464408589 258880 0.0798645 
338619 1464409212 187008 0.117843 
338679 1464409830 658394 0.0999772 
338735 1464410445 294287 0.0933298 
338803 1464411065 9182 0.112908 
338859 1464411692 317834 0.0915939 
338909 1464412331 706430 0.0801404 
338965 1464412955 453897 0.092514 
339033 1464413577 8269 0.112668 
339104 1464414215 716379 0.115496 
339167 1464414840 439742 0.103923 
339231 1464415469 818434 0.104308 
339296 1464416095 466741 0.10742 
339363 1464416722 467705 0.11006 
339424 1464417358 230499 0.0990136 
339519 1464417990 794498 0.157338 
339622 1464418618 384195 0.17136 
339735 1464419246 810979 0.187987 
339828 1464419882 213586 0.153832 
339934 1464420512 272368 0.176511 
340029 1464421151 45493 0.15616 
340124 1464421779 431834 0.157974 
340249 1464422412 98538 0.206681 
340399 1464423054 108447 0.248064 
340557 1464423701 783103 0.262159 
340685 1464424347 378686 0.211553 
340840 1464424991 562082 0.255967 
341014 1464425649 48666 0.289829 
341205 1464426306 448546 0.312666 
341396 1464426960 560812 0.316052 
341540 1464427597 619815 0.239194 
341710 1464428244 51525 0.281526 
341938 1464428891 146683 0.379525 
342058 1464429552 141678 0.189253 
342162 1464430191 828150 0.169781 
342326 1464430834 250546 0.273186 
342531 1464431495 794794 0.338037 
342720 1464432146 29234 0.313687 
342932 1464432801 383912 0.350989 
343142 1464433452 250486 0.34991 
343351 1464434097 841103 0.347643 
343528 1464434747 696027 0.292698 
343747 1464435402 424701 0.363914 
343915 1464436052 4512 0.278642 
344092 1464436695 407181 0.294981 
344298 1464437344 829155 0.342921 
344495 1464437998 613695 0.326985 
344698 1464438648 285953 0.338174 
344886 1464439299 41053 0.312058 
345072 1464439948 858472 0.308778 
345263 1464440596 360229 0.31742 
345467 1464441246 418583 0.339895 
345720 1464441899 256465 0.421526 
345877 1464442538 320936 0.26067 
346034 1464443182 610806 0.259605 
346208 1464443825 421282 0.289118 
346366 1464444479 443634 0.257974 
346526 1464445127 571401 0.266168 
346681 1464445770 580401 0.256761 
346809 1464446406 168496 0.212402 
346942 1464447039 928567 0.221111 
347066 1464447672 590946 0.205435 
347186 1464448318 413107 0.197393 
347350 1464448955 637493 0.272373 
347497 1464449605 66694 0.240047 
347646 1464450256 819992 0.24251 
347746 1464450900 19757 0.163065 
347858 1464451531 224611 0.185493 
347952 1464452156 441411 0.156443 
348075 1464452801 422833 0.202242 
348202 1464453455 684925 0.206935 
348322 1464454093 92633 0.199912 
348445 1464454730 72212 0.203781 
348575 1464455377 685402 0.21032 
348686 1464456030 209166 0.178773 
348788 1464456689 115890 0.163023 
348876 1464457322 806630 0.144527 
348968 1464457953 148918 0.152466 
349061 1464458590 309174 0.153257 
349136 1464459213 663552 0.124359 
349222 1464459852 385366 0.139898 
349301 1464460478 727381 0.130601 
349375 1464461108 988141 0.121428 
349439 1464461749 168805 0.10244 
349503 1464462377 347538 0.105176 
349561 1464462995 751391 0.0965277 
349614 1464463609 75948 0.0882489 
349668 1464464234 358049 0.0893754 
349740 1464464859 813580 0.119742 
349815 1464465478 101773 0.12471 
349873 1464466095 538056 0.0964272 
349940 1464466721 617490 0.110145 
350001 1464467344 356934 0.101267 
350051 1464467964 704727 0.0824804 
350121 1464468602 892395 0.113514 
350173 1464469236 537587 0.0837729 
350250 1464469864 626046 0.127539 
350322 1464470494 122285 0.118264 
350391 1464471162 415751 0.106796 
350448 1464471796 331075 0.0921422 
350507 1464472420 764208 0.0971781 
350557 1464473047 816205 0.0815242 
350621 1464473668 159866 0.106301 
350677 1464474282 225132 0.0932889 
350747 1464474927 338955 0.112761 
350809 1464475557 664081 0.101121 
350870 1464476231 123483 0.0932527 
350936 1464476852 172358 0.109895 
351006 1464477477 425197 0.116467 
351057 1464478109 795467 0.082784 
351122 1464478734 937157 0.108038 
351178 1464479359 235202 0.092139 
351244 1464479982 993281 0.109779 
351308 1464480609 554317 0.106027 
351376 1464481229 861443 0.113146 
351446 1464481863 856403 0.1139 
351506 1464482484 530248 0.0999573 
351572 1464483114 574141 0.107985 
351633 1464483739 847406 0.100878 
351704 1464484366 204944 0.116666 
351774 1464484991 459382 0.115565 
351846 1464485613 685792 0.119576 
351906 1464486233 781792 0.0996284 
351969 1464486853 340230 0.104488 
352028 1464487469 630745 0.0982389 
352097 1464488097 634602 0.113907 
352170 1464488734 721263 0.119544 
352242 1464489356 337333 0.119979 
352305 1464489979 852505 0.104872 
352370 1464490602 310255 0.1077 
352425 1464491224 731669 0.0913114 
352488 1464491850 583196 0.103762 
352548 1464492482 100364 0.0981118 
352609 1464493111 200271 0.100732 
352662 1464493740 727877 0.0862736 
352714 1464494372 205161 0.0845271 
352776 1464495011 346333 0.100226 
352821 1464495640 358285 0.0734378 
352871 1464496281 103880 0.0800755 
352922 1464496908 217257 0.0834991 
352996 1464497530 667657 0.122591 
353054 1464498156 684527 0.0953293 
353113 1464498785 761350 0.0961851 
353170 1464499403 509164 0.0946329 
353244 1464500031 96207 0.121903 
353304 1464500654 258333 0.099478 
353387 1464501280 605096 0.137917 
353469 1464501910 248870 0.135746 
353569 1464502545 317855 0.165181 
353668 1464503177 205487 0.164703 
353785 1464503809 478536 0.194684 
353946 1464504451 138726 0.267264 
354090 1464505098 764039 0.23859 
354226 1464505740 390706 0.225023 
354354 1464506382 707829 0.210784 
354494 1464507031 411908 0.229234 
354626 1464507671 733173 0.218566 
354763 1464508315 493686 0.224188 
354898 1464508947 129392 0.22495 
355060 1464509597 846187 0.269121 
355209 1464510235 162803 0.247845 
355353 1464510877 148741 0.238237 
355508 1464511521 992307 0.258072 
355665 1464512173 547063 0.261237 
355770 1464512795 336784 0.174886 
355940 1464513440 118756 0.282312 
356148 1464514090 354321 0.34655 
356277 1464514751 692762 0.207345 
356521 1464515411 669763 0.405814 
356735 1464516065 184493 0.356475 
356938 1464516714 398403 0.338189 
357154 1464517371 23826 0.35644 
357372 1464518028 119645 0.36232 
357579 1464518689 85692 0.339852 
357738 1464519332 280256 0.263738 
357867 1464519970 827285 0.212795 
357968 1464520606 261404 0.166762 
358090 1464521245 222430 0.201751 
358222 1464521896 684341 0.215034 
358395 1464522543 799686 0.288234 
358596 1464523195 42880 0.333761 
358837 1464523860 314492 0.399925 
358986 1464524500 795716 0.245473 
359115 1464525132 747887 0.214974 
359256 1464525774 261615 0.234698 
359403 1464526405 277586 0.244758 
359568 1464527058 926048 0.272153 
359739 1464527709 191871 0.284169 
359866 1464528346 441178 0.211625 
360027 1464528981 871524 0.266634 
360154 1464529616 207873 0.211376 
360269 1464530247 866348 0.191133 
360390 1464530874 515138 0.201379 
360509 1464531510 770565 0.196511 
360677 1464532155 821696 0.278533 
360831 1464532792 982699 0.255942 
360986 1464533434 796842 0.257265 
361212 1464534091 898722 0.375147 
361362 1464534735 930294 0.249943 
361488 1464535375 875355 0.20877 
361632 1464536014 419440 0.23899 
361761 1464536662 215226 0.21172 
361883 1464537309 46851 0.199505 
362034 1464537952 480897 0.24949 
362221 1464538611 266617 0.306827 
362397 1464539268 78469 0.290105 
362578 1464539916 324038 0.30137 
362683 1464540545 5315 0.174608 
362807 1464541188 100666 0.204714 
362924 1464541822 286841 0.194989 
363018 1464542456 942807 0.156123 
363126 1464543084 828719 0.179968 
363291 1464543728 357148 0.274608 
363424 1464544359 881471 0.221222 
363549 1464544995 390613 0.206732 
363694 1464545638 11272 0.239895 
363829 1464546283 719214 0.221502 
363958 1464546917 681148 0.213027 
364069 1464547550 561638 0.184947 
364181 1464548183 394490 0.184845 
364287 1464548822 766075 0.173133 
364396 1464549452 454793 0.180763 
364468 1464550089 612991 0.116517 
364546 1464550717 169267 0.129204 
364596 1464551361 682091 0.0800063 
364653 1464551992 901133 0.0931525 
364713 1464552609 903971 0.0998591 
364782 1464553317 731239 0.100264 
364833 1464553932 549914 0.0843981 
364906 1464554566 521406 0.119205 
364957 1464555190 409509 0.0832718 
365028 1464555822 497509 0.115529 
365091 1464556441 574953 0.10469 
365157 1464557070 736375 0.10877 
365220 1464557696 721681 0.103988 
365284 1464558318 747755 0.106616 
365346 1464558952 973597 0.101185 
365407 1464559580 126387 0.0998568 
365470 1464560204 990452 0.10372 
365541 1464560847 42770 0.11443 
365592 1464561461 283012 0.0849158 
365647 1464562081 95513 0.0911993 
365703 1464562704 645406 0.0922338 
365768 1464563345 547815 0.104991 
365819 1464563963 336876 0.0849058 
365881 1464564584 251527 0.103105 
365938 1464565211 770138 0.0937769 
365995 1464565833 218312 0.0948471 
366060 1464566456 34251 0.107202 
366117 1464567093 170164 0.0919585 
366192 1464567749 739742 0.11823 
366238 1464568398 77128 0.0728423 
366287 1464569028 871616 0.0798871 
366328 1464569647 100105 0.0677106 
366393 1464570276 511969 0.106714 
366437 1464570893 790894 0.0731674 
366490 1464571514 551668 0.0880287 
366559 1464572137 237538 0.114837 
366624 1464572780 234728 0.103965 
366677 1464573413 270353 0.0858465 
366734 1464574032 934227 0.094695 
366803 1464574658 392358 0.113965 
366866 1464575280 487555 0.104826 
366928 1464575912 545025 0.101208 
367000 1464576534 766167 0.119709 
367048 1464577204 307002 0.0732915 
367112 1464577825 888498 0.106225 
367170 1464578467 706150 0.0937264 
367226 1464579102 732087 0.0907385 
367288 1464579722 350265 0.103015 
367358 1464580356 324306 0.113793 
367447 1464580989 774317 0.147505 
367516 1464581637 217264 0.109596 
367590 1464582276 208928 0.120168 
367651 1464582903 276144 0.100615 
367714 1464583527 643558 0.104569 
367772 1464584149 304730 0.0957546 
367837 1464584773 383791 0.107197 
367903 1464585398 592118 0.10997 
367976 1464586022 226821 0.120703 
368051 1464586663 26426 0.120737 
368119 1464587281 844965 0.113256 
368207 1464587911 748680 0.145897 
368310 1464588553 933362 0.169024 
368412 1464589196 184931 0.166249 
368542 1464589834 407048 0.215092 
368683 1464590477 576222 0.232637 
368857 1464591130 528294 0.287655 
369008 1464591782 11635 0.250271 
369182 1464592445 287104 0.282494 
369374 1464593089 385188 0.319329 
369571 1464593741 515917 0.326959 
369785 1464594398 172475 0.35399 
369962 1464595045 398209 0.29395 
370151 1464595693 82911 0.314701 
370333 1464596354 139912 0.297093 
370550 1464597001 288195 0.361486 
370792 1464597667 892497 0.402502 
371044 1464598324 24366 0.418169 
371309 1464598989 220958 0.439168 
371562 1464599648 502751 0.416478 
371761 1464600290 443384 0.331265 
371989 1464600942 694504 0.37731 
372198 1464601594 147532 0.345692 
372437 1464602242 606606 0.397218 
372730 1464602913 527841 0.487865 
372961 1464603569 541912 0.381131 
373213 1464604223 494924 0.419579 
373506 1464604896 558711 0.485615 
373742 1464605546 137430 0.393152 
373924 1464606196 912418 0.301361 
374095 1464606839 727771 0.282731 
374318 1464607492 137482 0.371306 
374574 1464608155 957078 0.426545 
374858 1464608813 258127 0.472718 
375149 1464609470 333702 0.48378 
375405 1464610131 346521 0.426287 
375704 1464610795 304319 0.496092 
375956 1464611450 932949 0.418805 
376269 1464612113 200168 0.521235 
376493 1464612776 545366 0.372282 
376772 1464613440 581840 0.463368 
377045 1464614106 197245 0.454528 
377327 1464614774 997084 0.466655 
377656 1464615460 657527 0.547243 
377925 1464616122 575256 0.446364 
378192 1464616787 522589 0.444905 
378438 1464617434 136470 0.40965 
378706 1464618101 541197 0.442913 
378957 1464618769 17659 0.416952 
379237 1464619436 655905 0.465916 
379520 1464620108 631488 0.469636 
379772 1464620770 985185 0.419138 
379996 1464621420 704852 0.370493 
380212 1464622088 913612 0.353879 
380413 1464622740 979265 0.334586 
380591 1464623381 772106 0.296601 
380795 1464624038 404 0.3396 
380955 1464624679 286536 0.26615 
381157 1464625334 558226 0.335433 
381338 1464625986 486930 0.299307 
381506 1464626630 513536 0.279733 
381674 1464627279 719503 0.279435 
381827 1464627925 555372 0.252264 
381970 1464628575 367254 0.236795 
382111 1464629230 442492 0.231621 
382271 1464629871 688379 0.265365 
382422 1464630519 897742 0.248419 
382569 1464631164 904715 0.243829 
382703 1464631811 728380 0.221204 
382821 1464632467 381118 0.188709 
382945 1464633103 919480 0.206543 
383065 1464633742 98339 0.198797 
383187 1464634396 784790 0.195184 
383274 1464635023 738324 0.144578 
383361 1464635652 881588 0.143445 
383429 1464636275 891144 0.112637 
383502 1464636941 580205 0.113675 
383559 1464637557 566363 0.0946828 
383623 1464638184 984489 0.10558 
383682 1464638836 988171 0.0927185 
383724 1464639460 280484 0.0687208 
383784 1464640086 440411 0.0985581 
383846 1464640737 702706 0.0975721 
383898 1464641357 584982 0.0862188 
383958 1464641976 243078 0.099945 
384029 1464642598 461570 0.117835 
384092 1464643228 294380 0.103156 
384146 1464643844 658121 0.0899421 
384203 1464644472 893989 0.0939172 
384273 1464645096 68981 0.116657 
384333 1464645725 690449 0.0979028 
384393 1464646360 675394 0.0979096 
384445 1464646984 643122 0.0856498 
384518 1464647622 170643 0.118435 
384571 1464648252 322818 0.0864071 
384623 1464648886 21732 0.0841943 
384681 1464649537 526931 0.0918591 
384749 1464650163 742433 0.11204 
384811 1464650790 581481 0.102147 
384871 1464651411 985000 0.0997393 
384930 1464652042 222464 0.0961023 
384980 1464652665 1658 0.0821031 
385042 1464653288 441009 0.103076 
385107 1464653906 100760 0.108267 
385161 1464654532 866265 0.0885137 
385223 1464655160 391645 0.101697 
385289 1464655797 400058 0.107506 
385360 1464656430 67270 0.115968 
385408 1464657048 936928 0.0798458 
385465 1464657674 865601 0.0936071 
385524 1464658310 915607 0.0957113 
385588 1464658932 908053 0.106491 
385656 1464659555 695601 0.11266 
385719 1464660198 604354 0.101188 
385784 1464660850 66602 0.103135 
385847 1464661475 74852 0.104474 
385904 1464662100 356571 0.0931728 
385954 1464662720 431136 0.0827305 
386015 1464663340 634292 0.101291 
386067 1464663956 975725 0.0865533 
386122 1464664576 197098 0.0912561 
386178 1464665198 190938 0.0926171 
386241 1464665819 834096 0.104793 
386298 1464666463 543545 0.0907719 
386369 1464667117 681906 0.112788 
386427 1464667735 527112 0.0963145 
386483 1464668361 853359 0.0922348 
386537 1464668990 84020 0.0885846 
386602 1464669626 274274 0.105113 
386658 1464670268 145369 0.0894571 
386717 1464670887 5954 0.0981134 
386773 1464671507 532114 0.0927152 
386853 1464672137 684440 0.132393 
386927 1464672761 63557 0.123279 
386992 1464673382 657554 0.107952 
387073 1464674008 569275 0.134576 
387176 1464674646 964732 0.168921 
387280 1464675282 697561 0.17102 
387411 1464675921 903261 0.215977 
387553 1464676569 41785 0.235386 
387714 1464677213 844489 0.265045 
387897 1464677862 213500 0.304015 
388085 1464678508 136570 0.311909 
388286 1464679164 377360 0.331126 
388476 1464679817 350006 0.315615 
388661 1464680461 462058 0.307089 
388830 1464681110 491597 0.281583 
389045 1464681769 631886 0.356811 
389236 1464682426 359932 0.316173 
389452 1464683077 409326 0.359527 
389660 1464683732 716920 0.345904 
389898 1464684386 256762 0.396245 
390153 1464685046 154925 0.424282 
390420 1464685710 620310 0.441749 
390658 1464686364 289852 0.395566 
390902 1464687021 345160 0.406271 
391106 1464687673 485025 0.334839 
391256 1464688315 534426 0.248736 
391452 1464688972 202079 0.325498 
391649 1464689623 352211 0.327535 
391860 1464690266 347133 0.351617 
392103 1464690924 52700 0.40418 
392365 1464691591 172769 0.428807 
392611 1464692240 888991 0.409914 
392871 1464692900 208332 0.432122 
393166 1464693576 534875 0.491511 
393467 1464694244 242642 0.501515 
393768 1464694914 242399 0.500752 
394095 1464695574 539137 0.543596 
394381 1464696236 840650 0.476059 
394716 1464696907 215157 0.556024 
394969 1464697571 107718 0.420608 
395239 1464698232 10758 0.444966 
395518 1464698897 147375 0.464 
395826 1464699573 509323 0.512198 
396110 1464700239 375431 0.468156 
396366 1464700894 191875 0.426444 
396612 1464701554 197285 0.408429 
396834 1464702202 471613 0.368892 
397087 1464702858 3904 0.420847 
397293 1464703515 614006 0.340186 
397516 1464704172 160674 0.366931 
397744 1464704825 695677 0.378125 
397943 1464705470 49374 0.331447 
398192 1464706128 78141 0.414946 
398433 1464706797 808148 0.397477 
398620 1464707454 50105 0.308955 
398793 1464708105 576519 0.284464 
399025 1464708763 58973 0.386136 
399228 1464709412 912899 0.338084 
399459 1464710067 402809 0.382822 
399666 1464710729 652594 0.341149 
399807 1464711371 631658 0.234338 
399975 1464712018 417991 0.27875 
400131 1464712658 55331 0.259554 
400293 1464713301 143288 0.269729 
400442 1464713946 697 0.247737 
400582 1464714594 721827 0.229729 
400738 1464715240 717181 0.259245 
400900 1464715879 618707 0.269288 
401027 1464716519 666213 0.208959 
401161 1464717155 670149 0.222631 
401289 1464717810 710979 0.207311 
401394 1464718450 823991 0.171936 
401515 1464719083 214756 0.200772 
401623 1464719715 888722 0.179748 
401724 1464720356 78380 0.166839 
401831 1464720986 993289 0.177379 
401921 1464721630 747183 0.146427 
401992 1464722249 851823 0.118026 
402067 1464722889 5108 0.121799 
402149 1464723523 340564 0.134175 
402211 1464724141 908566 0.103015 
402272 1464724774 108606 0.099596 
402331 1464725418 165056 0.0948189 
402378 1464726038 117683 0.0776783 
402427 1464726657 502658 0.0812781 
402480 1464727282 853789 0.0869278 
402545 1464727911 420757 0.106103 
402608 1464728543 451956 0.102668 
402660 1464729162 20610 0.086519 
402707 1464729779 334923 0.0782299 
