0	0	0	0.0
1	0	0	0.0
2	0	0	0.0
3	0	0	0.0
4	0	0	0.0
5	0	0	0.0
6	0	0	0.0
7	0	0	0.0
8	0	0	0.0
9	0	0	0.0
10	0	0	0.0
11	0	0	0.0
12	0	0	0.0
13	87	0	9.3
14	152	0	12.3
15	168	0	13.0
16	158	0	12.6
17	164	0	12.8
18	158	0	12.6
19	196	0	14.0
20	223	0	14.9
21	245	0	15.7
22	238	0	15.4
23	226	0	15.0
24	253	0	15.9
25	229	0	15.1
26	205	0	14.3
27	185	0	13.6
28	185	0	13.6
29	221	0	14.9
30	228	0	15.1
31	226	0	15.0
32	228	0	15.1
33	272	0	16.5
34	303	0	17.4
35	285	0	16.9
36	261	0	16.2
37	323	0	18.0
38	345	0	18.6
39	373	0	19.3
40	420	0	20.5
41	436	0	20.9
42	455	0	21.3
43	472	0	21.7
44	507	0	22.5
45	497	0	22.3
46	514	0	22.7
47	523	0	22.9
48	556	0	23.6
49	548	0	23.4
50	508	0	22.5
51	567	0	23.8
52	532	0	23.1
53	530	0	23.0
54	533	0	23.1
55	566	0	23.8
56	590	0	24.3
57	530	0	23.0
58	591	0	24.3
59	519	0	22.8
60	565	0	23.8
61	566	0	23.8
62	583	0	24.1
63	511	0	22.6
64	536	0	23.2
65	566	0	23.8
66	553	0	23.5
67	564	0	23.7
68	560	0	23.7
69	562	0	23.7
70	527	0	23.0
71	515	0	22.7
72	475	0	21.8
73	510	0	22.6
74	530	0	23.0
75	516	0	22.7
76	531	0	23.0
77	486	0	22.0
78	475	0	21.8
79	489	0	22.1
80	494	0	22.2
81	499	0	22.3
82	499	0	22.3
83	444	0	21.1
84	424	0	20.6
85	450	0	21.2
86	492	0	22.2
87	435	0	20.9
88	426	0	20.6
89	430	0	20.7
90	407	0	20.2
91	435	0	20.9
92	426	0	20.6
93	417	0	20.4
94	459	0	21.4
95	424	0	20.6
96	409	0	20.2
97	438	0	20.9
98	456	0	21.4
99	448	0	21.2
100	458	0	21.4
101	437	0	20.9
102	466	0	21.6
103	427	0	20.7
104	433	0	20.8
105	396	0	19.9
106	418	0	20.4
107	401	0	20.0
108	348	0	18.7
109	349	0	18.7
110	353	0	18.8
111	363	0	19.1
112	387	0	19.7
113	344	0	18.5
114	350	0	18.7
115	346	0	18.6
116	347	0	18.6
117	349	0	18.7
118	316	0	17.8
119	341	0	18.5
120	362	0	19.0
121	353	0	18.8
122	306	0	17.5
123	313	0	17.7
124	299	0	17.3
125	307	0	17.5
126	297	0	17.2
127	296	0	17.2
128	288	0	17.0
129	272	0	16.5
130	280	0	16.7
131	285	0	16.9
132	292	0	17.1
133	271	0	16.5
134	267	0	16.3
135	304	0	17.4
136	265	0	16.3
137	232	0	15.2
138	274	0	16.6
139	259	0	16.1
140	237	0	15.4
141	244	0	15.6
142	266	0	16.3
143	223	0	14.9
144	227	0	15.1
145	220	0	14.8
146	237	0	15.4
147	209	0	14.5
148	218	0	14.8
149	221	0	14.9
150	198	0	14.1
151	224	0	15.0
152	225	0	15.0
153	206	0	14.4
154	190	0	13.8
155	205	0	14.3
156	203	0	14.2
157	170	0	13.0
158	206	0	14.4
159	176	0	13.3
160	208	0	14.4
161	191	0	13.8
162	143	0	12.0
163	183	0	13.5
164	206	0	14.4
165	163	0	12.8
166	164	0	12.8
167	184	0	13.6
168	164	0	12.8
169	163	0	12.8
170	160	0	12.6
171	155	0	12.4
172	151	0	12.3
173	180	0	13.4
174	141	0	11.9
175	160	0	12.6
176	155	0	12.4
177	145	0	12.0
178	144	0	12.0
179	130	0	11.4
180	151	0	12.3
181	135	0	11.6
182	146	0	12.1
183	118	0	10.9
184	124	0	11.1
185	139	0	11.8
186	129	0	11.4
187	115	0	10.7
188	130	0	11.4
189	107	0	10.3
190	109	0	10.4
191	127	0	11.3
192	99	0	9.9
193	116	0	10.8
194	87	0	9.3
195	101	0	10.0
196	92	0	9.6
197	99	0	9.9
198	87	0	9.3
199	78	0	8.8
200	102	0	10.1
201	97	0	9.8
202	97	0	9.8
203	103	0	10.1
204	81	0	9.0
205	98	0	9.9
206	99	0	9.9
207	81	0	9.0
208	94	0	9.7
209	98	0	9.9
210	71	0	8.4
211	96	0	9.8
212	80	0	8.9
213	68	0	8.2
214	74	0	8.6
215	77	0	8.8
216	85	0	9.2
217	72	0	8.5
218	78	0	8.8
219	59	0	7.7
220	66	0	8.1
221	70	0	8.4
222	68	0	8.2
223	67	0	8.2
224	59	0	7.7
225	58	0	7.6
226	60	0	7.7
227	76	0	8.7
228	58	0	7.6
229	59	0	7.7
230	67	0	8.2
231	64	0	8.0
232	67	0	8.2
233	74	0	8.6
234	74	0	8.6
235	59	0	7.7
236	80	0	8.9
237	78	0	8.8
238	76	0	8.7
239	90	0	9.5
240	101	0	10.0
241	88	0	9.4
242	89	0	9.4
243	123	0	11.1
244	134	0	11.6
245	132	0	11.5
246	163	0	12.8
247	165	0	12.8
248	180	0	13.4
249	220	0	14.8
250	242	0	15.6
251	268	0	16.4
252	263	0	16.2
253	295	0	17.2
254	328	0	18.1
255	366	0	19.1
256	396	0	19.9
257	411	0	20.3
258	387	0	19.7
259	405	0	20.1
260	420	0	20.5
261	459	0	21.4
262	434	0	20.8
263	416	0	20.4
264	474	0	21.8
265	460	0	21.4
266	426	0	20.6
267	385	0	19.6
268	370	0	19.2
269	386	0	19.6
270	356	0	18.9
271	284	0	16.9
272	288	0	17.0
273	257	0	16.0
274	244	0	15.6
275	199	0	14.1
276	198	0	14.1
277	177	0	13.3
278	161	0	12.7
279	108	0	10.4
280	104	0	10.2
281	100	0	10.0
282	84	0	9.2
283	74	0	8.6
284	66	0	8.1
285	53	0	7.3
286	47	0	6.9
287	59	0	7.7
288	56	0	7.5
289	36	0	6.0
290	51	0	7.1
291	47	0	6.9
292	43	0	6.6
293	39	0	6.2
294	32	0	5.7
295	44	0	6.6
296	42	0	6.5
297	40	0	6.3
298	40	0	6.3
299	34	0	5.8
300	48	0	6.9
301	46	0	6.8
302	49	0	7.0
303	46	0	6.8
304	36	0	6.0
305	38	0	6.2
306	37	0	6.1
307	41	0	6.4
308	41	0	6.4
309	27	0	5.2
310	31	0	5.6
311	34	0	5.8
312	40	0	6.3
313	35	0	5.9
314	27	0	5.2
315	28	0	5.3
316	32	0	5.7
317	41	0	6.4
318	31	0	5.6
319	34	0	5.8
320	24	0	4.9
321	29	0	5.4
322	32	0	5.7
323	41	0	6.4
324	34	0	5.8
325	36	0	6.0
326	25	0	5.0
327	24	0	4.9
328	26	0	5.1
329	23	0	4.8
330	26	0	5.1
331	28	0	5.3
332	27	0	5.2
333	27	0	5.2
334	33	0	5.7
335	23	0	4.8
336	30	0	5.5
337	33	0	5.7
338	24	0	4.9
339	30	0	5.5
340	35	0	5.9
341	25	0	5.0
342	20	0	4.5
343	30	0	5.5
344	30	0	5.5
345	32	0	5.7
346	21	0	4.6
347	24	0	4.9
348	17	0	4.1
349	14	0	3.7
350	25	0	5.0
351	21	0	4.6
352	23	0	4.8
353	30	0	5.5
354	26	0	5.1
355	32	0	5.7
356	17	0	4.1
357	30	0	5.5
358	29	0	5.4
359	23	0	4.8
360	23	0	4.8
361	25	0	5.0
362	22	0	4.7
363	24	0	4.9
364	34	0	5.8
365	25	0	5.0
366	26	0	5.1
367	23	0	4.8
368	28	0	5.3
369	19	0	4.4
370	30	0	5.5
371	27	0	5.2
372	30	0	5.5
373	26	0	5.1
374	25	0	5.0
375	22	0	4.7
376	27	0	5.2
377	19	0	4.4
378	26	0	5.1
379	15	0	3.9
380	16	0	4.0
381	28	0	5.3
382	25	0	5.0
383	23	0	4.8
384	24	0	4.9
385	20	0	4.5
386	22	0	4.7
387	19	0	4.4
388	20	0	4.5
389	34	0	5.8
390	26	0	5.1
391	27	0	5.2
392	21	0	4.6
393	23	0	4.8
394	26	0	5.1
395	26	0	5.1
396	23	0	4.8
397	31	0	5.6
398	23	0	4.8
399	35	0	5.9
400	20	0	4.5
401	16	0	4.0
402	18	0	4.2
403	25	0	5.0
404	27	0	5.2
405	27	0	5.2
406	34	0	5.8
407	20	0	4.5
408	27	0	5.2
409	20	0	4.5
410	28	0	5.3
411	23	0	4.8
412	36	0	6.0
413	22	0	4.7
414	21	0	4.6
415	25	0	5.0
416	25	0	5.0
417	20	0	4.5
418	24	0	4.9
419	25	0	5.0
420	25	0	5.0
421	23	0	4.8
422	25	0	5.0
423	18	0	4.2
424	30	0	5.5
425	22	0	4.7
426	32	0	5.7
427	25	0	5.0
428	37	0	6.1
429	21	0	4.6
430	23	0	4.8
431	22	0	4.7
432	26	0	5.1
433	16	0	4.0
434	24	0	4.9
435	28	0	5.3
436	25	0	5.0
437	20	0	4.5
438	23	0	4.8
439	13	0	3.6
440	27	0	5.2
441	24	0	4.9
442	31	0	5.6
443	26	0	5.1
444	33	0	5.7
445	29	0	5.4
446	36	0	6.0
447	22	0	4.7
448	22	0	4.7
449	33	0	5.7
450	25	0	5.0
451	26	0	5.1
452	26	0	5.1
453	29	0	5.4
454	20	0	4.5
455	31	0	5.6
456	26	0	5.1
457	21	0	4.6
458	28	0	5.3
459	29	0	5.4
460	30	0	5.5
461	21	0	4.6
462	40	0	6.3
463	23	0	4.8
464	24	0	4.9
465	28	0	5.3
466	22	0	4.7
467	22	0	4.7
468	35	0	5.9
469	30	0	5.5
470	28	0	5.3
471	29	0	5.4
472	30	0	5.5
473	29	0	5.4
474	28	0	5.3
475	28	0	5.3
476	26	0	5.1
477	31	0	5.6
478	23	0	4.8
479	33	0	5.7
480	30	0	5.5
481	19	0	4.4
482	29	0	5.4
483	23	0	4.8
484	16	0	4.0
485	28	0	5.3
486	19	0	4.4
487	25	0	5.0
488	29	0	5.4
489	22	0	4.7
490	35	0	5.9
491	32	0	5.7
492	34	0	5.8
493	23	0	4.8
494	25	0	5.0
495	35	0	5.9
496	23	0	4.8
497	31	0	5.6
498	24	0	4.9
499	31	0	5.6
500	14	0	3.7
501	21	0	4.6
502	19	0	4.4
503	27	0	5.2
504	18	0	4.2
505	15	0	3.9
506	20	0	4.5
507	26	0	5.1
508	17	0	4.1
509	30	0	5.5
510	21	0	4.6
511	15	0	3.9
512	24	0	4.9
513	12	0	3.5
514	13	0	3.6
515	20	0	4.5
516	22	0	4.7
517	22	0	4.7
518	12	0	3.5
519	17	0	4.1
520	14	0	3.7
521	12	0	3.5
522	14	0	3.7
523	16	0	4.0
524	18	0	4.2
525	19	0	4.4
526	17	0	4.1
527	10	0	3.2
528	12	0	3.5
529	11	0	3.3
530	22	0	4.7
531	10	0	3.2
532	13	0	3.6
533	13	0	3.6
534	8	0	2.8
535	11	0	3.3
536	5	0	2.2
537	9	0	3.0
538	10	0	3.2
539	19	0	4.4
540	20	0	4.5
541	14	0	3.7
542	8	0	2.8
543	13	0	3.6
544	14	0	3.7
545	8	0	2.8
546	14	0	3.7
547	10	0	3.2
548	12	0	3.5
549	11	0	3.3
550	6	0	2.4
551	7	0	2.6
552	19	0	4.4
553	16	0	4.0
554	9	0	3.0
555	14	0	3.7
556	12	0	3.5
557	8	0	2.8
558	9	0	3.0
559	12	0	3.5
560	11	0	3.3
561	12	0	3.5
562	14	0	3.7
563	13	0	3.6
564	5	0	2.2
565	8	0	2.8
566	14	0	3.7
567	11	0	3.3
568	8	0	2.8
569	10	0	3.2
570	11	0	3.3
571	6	0	2.4
572	12	0	3.5
573	10	0	3.2
574	11	0	3.3
575	14	0	3.7
576	6	0	2.4
577	10	0	3.2
578	10	0	3.2
579	12	0	3.5
580	16	0	4.0
581	4	0	2.0
582	12	0	3.5
583	18	0	4.2
584	21	0	4.6
585	9	0	3.0
586	24	0	4.9
587	19	0	4.4
588	19	0	4.4
589	19	0	4.4
590	15	0	3.9
591	25	0	5.0
592	23	0	4.8
593	24	0	4.9
594	31	0	5.6
595	27	0	5.2
596	20	0	4.5
597	34	0	5.8
598	38	0	6.2
599	35	0	5.9
600	28	0	5.3
601	34	0	5.8
602	31	0	5.6
603	29	0	5.4
604	51	0	7.1
605	40	0	6.3
606	40	0	6.3
607	49	0	7.0
608	50	0	7.1
609	41	0	6.4
610	44	0	6.6
611	46	0	6.8
612	47	0	6.9
613	47	0	6.9
614	53	0	7.3
615	50	0	7.1
616	57	0	7.5
617	51	0	7.1
618	59	0	7.7
619	51	0	7.1
620	56	0	7.5
621	57	0	7.5
622	54	0	7.3
623	59	0	7.7
624	58	0	7.6
625	46	0	6.8
626	60	0	7.7
627	46	0	6.8
628	50	0	7.1
629	43	0	6.6
630	43	0	6.6
631	39	0	6.2
632	36	0	6.0
633	39	0	6.2
634	28	0	5.3
635	27	0	5.2
636	38	0	6.2
637	31	0	5.6
638	25	0	5.0
639	22	0	4.7
640	16	0	4.0
641	24	0	4.9
642	19	0	4.4
643	28	0	5.3
644	20	0	4.5
645	19	0	4.4
646	14	0	3.7
647	15	0	3.9
648	11	0	3.3
649	17	0	4.1
650	10	0	3.2
651	8	0	2.8
652	15	0	3.9
653	10	0	3.2
654	7	0	2.6
655	5	0	2.2
656	4	0	2.0
657	8	0	2.8
658	7	0	2.6
659	4	0	2.0
660	7	0	2.6
661	4	0	2.0
662	6	0	2.4
663	4	0	2.0
664	4	0	2.0
665	3	0	1.7
666	5	0	2.2
667	6	0	2.4
668	4	0	2.0
669	4	0	2.0
670	7	0	2.6
671	7	0	2.6
672	2	0	1.4
673	7	0	2.6
674	9	0	3.0
675	2	0	1.4
676	6	0	2.4
677	4	0	2.0
678	5	0	2.2
679	6	0	2.4
680	9	0	3.0
681	6	0	2.4
682	10	0	3.2
683	4	0	2.0
684	10	0	3.2
685	12	0	3.5
686	12	0	3.5
687	6	0	2.4
688	7	0	2.6
689	9	0	3.0
690	13	0	3.6
691	16	0	4.0
692	13	0	3.6
693	17	0	4.1
694	14	0	3.7
695	13	0	3.6
696	19	0	4.4
697	12	0	3.5
698	15	0	3.9
699	12	0	3.5
700	12	0	3.5
701	10	0	3.2
702	10	0	3.2
703	14	0	3.7
704	10	0	3.2
705	11	0	3.3
706	17	0	4.1
707	14	0	3.7
708	22	0	4.7
709	18	0	4.2
710	16	0	4.0
711	5	0	2.2
712	9	0	3.0
713	16	0	4.0
714	13	0	3.6
715	14	0	3.7
716	9	0	3.0
717	13	0	3.6
718	12	0	3.5
719	11	0	3.3
720	2	0	1.4
721	11	0	3.3
722	9	0	3.0
723	8	0	2.8
724	10	0	3.2
725	8	0	2.8
726	10	0	3.2
727	5	0	2.2
728	9	0	3.0
729	4	0	2.0
730	6	0	2.4
731	2	0	1.4
732	2	0	1.4
733	7	0	2.6
734	4	0	2.0
735	5	0	2.2
736	4	0	2.0
737	2	0	1.4
738	1	0	1.0
739	2	0	1.4
740	4	0	2.0
741	3	0	1.7
742	0	0	0.0
743	2	0	1.4
744	2	0	1.4
745	0	0	0.0
746	3	0	1.7
747	1	0	1.0
748	3	0	1.7
749	1	0	1.0
750	2	0	1.4
751	0	0	0.0
752	2	0	1.4
753	2	0	1.4
754	1	0	1.0
755	1	0	1.0
756	0	0	0.0
757	0	0	0.0
758	1	0	1.0
759	3	0	1.7
760	2	0	1.4
761	1	0	1.0
762	1	0	1.0
763	0	0	0.0
764	2	0	1.4
765	1	0	1.0
766	1	0	1.0
767	0	0	0.0
768	0	0	0.0
769	1	0	1.0
770	2	0	1.4
771	0	0	0.0
772	1	0	1.0
773	3	0	1.7
774	1	0	1.0
775	4	0	2.0
776	3	0	1.7
777	0	0	0.0
778	1	0	1.0
779	1	0	1.0
780	1	0	1.0
781	2	0	1.4
782	4	0	2.0
783	1	0	1.0
784	1	0	1.0
785	2	0	1.4
786	0	0	0.0
787	1	0	1.0
788	1	0	1.0
789	1	0	1.0
790	1	0	1.0
791	3	0	1.7
792	3	0	1.7
793	1	0	1.0
794	1	0	1.0
795	2	0	1.4
796	1	0	1.0
797	2	0	1.4
798	1	0	1.0
799	2	0	1.4
800	0	0	0.0
801	0	0	0.0
802	0	0	0.0
803	1	0	1.0
804	3	0	1.7
805	1	0	1.0
806	2	0	1.4
807	1	0	1.0
808	0	0	0.0
809	0	0	0.0
810	0	0	0.0
811	2	0	1.4
812	0	0	0.0
813	4	0	2.0
814	1	0	1.0
815	0	0	0.0
816	0	0	0.0
817	1	0	1.0
818	1	0	1.0
819	0	0	0.0
820	1	0	1.0
821	2	0	1.4
822	0	0	0.0
823	0	0	0.0
824	0	0	0.0
825	3	0	1.7
826	1	0	1.0
827	2	0	1.4
828	0	0	0.0
829	0	0	0.0
830	1	0	1.0
831	0	0	0.0
832	5	0	2.2
833	3	0	1.7
834	2	0	1.4
835	1	0	1.0
836	1	0	1.0
837	1	0	1.0
838	1	0	1.0
839	2	0	1.4
840	0	0	0.0
841	2	0	1.4
842	2	0	1.4
843	1	0	1.0
844	2	0	1.4
845	0	0	0.0
846	1	0	1.0
847	1	0	1.0
848	0	0	0.0
849	2	0	1.4
850	1	0	1.0
851	0	0	0.0
852	0	0	0.0
853	0	0	0.0
854	1	0	1.0
855	2	0	1.4
856	0	0	0.0
857	1	0	1.0
858	1	0	1.0
859	2	0	1.4
860	1	0	1.0
861	1	0	1.0
862	1	0	1.0
863	1	0	1.0
864	1	0	1.0
865	3	0	1.7
866	2	0	1.4
867	1	0	1.0
868	3	0	1.7
869	4	0	2.0
870	2	0	1.4
871	1	0	1.0
872	2	0	1.4
873	1	0	1.0
874	2	0	1.4
875	1	0	1.0
876	3	0	1.7
877	1	0	1.0
878	0	0	0.0
879	0	0	0.0
880	1	0	1.0
881	0	0	0.0
882	0	0	0.0
883	0	0	0.0
884	2	0	1.4
885	0	0	0.0
886	0	0	0.0
887	0	0	0.0
888	1	0	1.0
889	3	0	1.7
890	1	0	1.0
891	2	0	1.4
892	0	0	0.0
893	0	0	0.0
894	1	0	1.0
895	0	0	0.0
896	1	0	1.0
897	4	0	2.0
898	0	0	0.0
899	0	0	0.0
900	1	0	1.0
901	2	0	1.4
902	0	0	0.0
903	1	0	1.0
904	0	0	0.0
905	1	0	1.0
906	1	0	1.0
907	0	0	0.0
908	2	0	1.4
909	1	0	1.0
910	0	0	0.0
911	0	0	0.0
912	0	0	0.0
913	1	0	1.0
914	0	0	0.0
915	0	0	0.0
916	2	0	1.4
917	0	0	0.0
918	0	0	0.0
919	0	0	0.0
920	0	0	0.0
921	0	0	0.0
922	1	0	1.0
923	1	0	1.0
924	0	0	0.0
925	1	0	1.0
926	0	0	0.0
927	0	0	0.0
928	1	0	1.0
929	0	0	0.0
930	2	0	1.4
931	0	0	0.0
932	2	0	1.4
933	1	0	1.0
934	1	0	1.0
935	1	0	1.0
936	0	0	0.0
937	0	0	0.0
938	1	0	1.0
939	0	0	0.0
940	0	0	0.0
941	0	0	0.0
942	0	0	0.0
943	0	0	0.0
944	0	0	0.0
945	0	0	0.0
946	1	0	1.0
947	0	0	0.0
948	2	0	1.4
949	1	0	1.0
950	0	0	0.0
951	0	0	0.0
952	1	0	1.0
953	1	0	1.0
954	0	0	0.0
955	0	0	0.0
956	2	0	1.4
957	0	0	0.0
958	0	0	0.0
959	0	0	0.0
960	0	0	0.0
961	3	0	1.7
962	1	0	1.0
963	0	0	0.0
964	0	0	0.0
965	1	0	1.0
966	0	0	0.0
967	1	0	1.0
968	0	0	0.0
969	0	0	0.0
970	1	0	1.0
971	0	0	0.0
972	1	0	1.0
973	1	0	1.0
974	1	0	1.0
975	1	0	1.0
976	0	0	0.0
977	2	0	1.4
978	3	0	1.7
979	3	0	1.7
980	0	0	0.0
981	2	0	1.4
982	0	0	0.0
983	2	0	1.4
984	0	0	0.0
985	0	0	0.0
986	0	0	0.0
987	0	0	0.0
988	0	0	0.0
989	0	0	0.0
990	0	0	0.0
991	0	0	0.0
992	0	0	0.0
993	2	0	1.4
994	4	0	2.0
995	1	0	1.0
996	0	0	0.0
997	0	0	0.0
998	2	0	1.4
999	0	0	0.0
1000	1	0	1.0
1001	3	0	1.7
1002	0	0	0.0
1003	2	0	1.4
1004	4	0	2.0
1005	3	0	1.7
1006	0	0	0.0
1007	0	0	0.0
1008	2	0	1.4
1009	0	0	0.0
1010	0	0	0.0
1011	1	0	1.0
1012	1	0	1.0
1013	0	0	0.0
1014	1	0	1.0
1015	1	0	1.0
1016	0	0	0.0
1017	1	0	1.0
1018	0	0	0.0
1019	1	0	1.0
1020	1	0	1.0
1021	0	0	0.0
1022	0	0	0.0
1023	0	0	0.0

