111.125 0.220885
115.591 0.682399
120.058 1.34434
124.525 2.18096
128.992 3.17225
133.458 4.30177
137.925 5.55565
142.392 6.92199
146.858 8.39045
151.325 9.95197
155.792 11.5986
160.259 13.3233
164.725 15.1197
169.192 16.9823
173.659 18.906
178.125 20.8863
182.592 22.919
187.059 25.0006
191.525 27.1275
195.992 29.2969
200.459 31.5058
204.926 33.7518
209.392 36.0324
213.859 38.3457
218.326 40.6895
222.792 43.0621
227.259 45.4618
231.726 47.8871
236.193 50.3365
240.659 52.8088
245.126 55.3026
249.593 57.8169
254.059 60.3506
258.526 62.9026
262.993 65.4721
267.46 68.0583
271.926 70.6602
276.393 73.2772
280.86 75.9085
285.326 78.5535
289.793 81.2115
294.26 83.882
298.727 86.5644
303.193 89.2583
307.66 91.963
312.127 94.6782
316.593 97.4033
321.06 100.138
325.527 102.882
329.993 105.635
334.46 108.396
338.927 111.166
343.394 113.943
347.86 116.728
352.327 119.52
356.794 122.319
361.26 125.125
365.727 127.938
370.194 130.756
374.661 133.581
379.127 136.411
383.594 139.248
388.061 142.089
392.527 144.936
396.994 147.788
401.461 150.645
405.928 153.507
410.394 156.373
414.861 159.244
419.328 162.119
423.794 164.998
428.261 167.882
432.728 170.769
437.195 173.66
441.661 176.555
446.128 179.453
450.595 182.355
455.061 185.261
459.528 188.169
463.995 191.081
468.462 193.996
472.928 196.914
477.395 199.835
481.862 202.759
486.328 205.685
490.795 208.615
495.262 211.547
499.728 214.481
504.195 217.418
508.662 220.358
513.129 223.299
517.595 226.244
522.062 229.19
526.529 232.139
530.995 235.09
535.462 238.043
539.929 240.998
544.396 243.955
548.862 246.914
553.329 249.875
557.796 252.837
562.262 255.802
566.729 258.768
571.196 261.736
575.663 264.706
580.129 267.678
584.596 270.651
589.063 273.626
593.529 276.602
597.996 279.58
602.463 282.559
606.93 285.54
611.396 288.522
615.863 291.506
620.33 294.491
624.796 297.477
629.263 300.465
633.73 303.454
638.196 306.444
642.663 309.435
647.13 312.428
651.597 315.422
656.063 318.417
660.53 321.413
664.997 324.411
669.463 327.409
673.93 330.409
678.397 333.409
682.864 336.411
687.33 339.414
691.797 342.417
696.264 345.422
700.73 348.428
705.197 351.434
709.664 354.442
714.131 357.45
718.597 360.46
723.064 363.47
727.531 366.481
731.997 369.493
736.464 372.506
740.931 375.52
745.398 378.534
749.864 381.55
754.331 384.566
758.798 387.583
763.264 390.601
767.731 393.619
772.198 396.638
776.664 399.658
781.131 402.679
785.598 405.7
790.065 408.722
794.531 411.745
798.998 414.769
803.465 417.793
807.931 420.817
812.398 423.843
816.865 426.869
821.332 429.896
825.798 432.923
830.265 435.951
834.732 438.979
839.198 442.008
843.665 445.038
848.132 448.068
852.599 451.099
857.065 454.131
861.532 457.163
865.999 460.195
870.465 463.228
874.932 466.262
879.399 469.296
883.866 472.331
888.332 475.366
892.799 478.401
897.266 481.438
901.732 484.474
906.199 487.511
910.666 490.549
915.133 493.587
919.599 496.626
924.066 499.665
928.533 502.704
932.999 505.744
937.466 508.784
941.933 511.825
946.399 514.866
950.866 517.908
955.333 520.95
959.8 523.993
964.266 527.036
968.733 530.079
973.2 533.123
977.666 536.167
982.133 539.212
986.6 542.256
991.067 545.302
995.533 548.347
1000 551.394
