-30	0.0194998144	0	0.0200000079
-25	-0.00055094	0	1.91265302655761E-005
-20	0.019460858	0	0.02000001
-15	-0.0005446188	0	0.000018962
-10	0.019444648	0	0.0200000093
-5	-0.0006005696	0	2.04037949097711E-005
0	0.0793876736	0	0.0400000054
5	0.0594443212	0	0.0346410215
10	2.3393903588	0	0.2163330775
13	6.43232	0	0.355
14	8.21554	0	0.3983
15	8.5593629488	0	0.4137632179
16	8.723213	0	0.433432
17	8.964	0	0.4443
18	8.73432	0	0.45434
19	8.5323	0	0.43343
20	8.2193300398	0	0.4054626993
25	2.979317824	0	0.2441311133
30	0.1593518704	0	0.0565685466

