0	4.825	0	0.3473110997
10	5.45	0	0.3691205765
20	5.425	0	0.3682729966
30	5.875	0	0.3832427429
40	5.85	0	0.3824264635
50	6.725	0	0.4100304867
60	7.55	0	0.4344536799
70	8.8	0	0.469041576
80	9.775	0	0.4943429983
90	10.25	0	0.5062114183
100	9.275	0	0.4815340071
110	9.35	0	0.4834769901
120	8.3	0	0.455521679
130	6.875	0	0.4145780988
140	6.075	0	0.3897114317
150	5.225	0	0.3614208074
160	4.85	0	0.3482097069
170	4.625	0	0.3400367627
180	4.325	0	0.3288236609
190	4.525	0	0.3363406012
200	4.325	0	0.3288236609
210	5.075	0	0.3561951712
220	5.775	0	0.3799671038
230	6.775	0	0.4115519408
240	8.2	0	0.4527692569
250	8.225	0	0.4534589287
260	9.55	0	0.4886205071
270	9.05	0	0.4756574398
280	9.4	0	0.4847679857
290	10.275	0	0.5068283733
300	8.95	0	0.4730221982
310	7.075	0	0.420565096
320	6.125	0	0.3913118961
330	5.95	0	0.3856812155
340	5.45	0	0.3691205765
350	5.025	0	0.354436172
360	4.95	0	0.351781182

