10	3.8282184137	0.0021407588
9.8	3.8272220008	0.0021404609
9.6	3.8282184137	0.0021407588
9.4	3.8282184137	0.0021407588
9.2	3.8272220008	0.0021404609
9	3.8282184137	0.0021407588
8.8	3.8272220008	0.0021404609
8.6	3.8282184137	0.0021407588
8.4	3.8282184137	0.0021407588
8.2	3.8272220008	0.0021404609
8	3.8272220008	0.0021404609
7.8	3.8272220008	0.0021404609
7.6	3.8272220008	0.0021404609
7.4	3.8272220008	0.0021404609
7.2	3.8272220008	0.0021404609
7	3.8272220008	0.0021404609
6.8	3.8272220008	0.0021404609
6.6	3.8272220008	0.0021404609
6.4	3.8272220008	0.0021404609
6.2	3.8272220008	0.0021404609
6	3.8272220008	0.0021404609
5.8	3.8272220008	0.0021404609
5.6	3.8272220008	0.0021404609
5.4	3.8272220008	0.0021404609
5.2	3.8272220008	0.0021404609
5	3.8262255879	0.0021401631
4.8	3.8262255879	0.0021401631
4.6	3.8262255879	0.0021401631
4.4	3.8262255879	0.0021401631
4.2	3.8262255879	0.0021401631
4	3.8262255879	0.0021401631
3.8	3.825229175	0.0021398652
3.6	3.825229175	0.0021398652
3.4	3.825229175	0.0021398652
3.2	3.825229175	0.0021398652
3	3.825229175	0.0021398652
2.8	3.825229175	0.0021398652
2.6	3.8242327621	0.0021395674
2.4	3.8242327621	0.0021395674
2.2	3.8242327621	0.0021395674
2	3.8242327621	0.0021395674
1.8	3.8242327621	0.0021395674
1.6	3.8232363491	0.0021392695
1.4	3.8232363491	0.0021392695
1.2	3.8222399362	0.0021389717
1	3.8212435233	0.0021386738
0.8	3.8212435233	0.0021386738
0.6	3.8202471104	0.002138376
0.4	3.8192506975	0.0021380781
0.2	3.8192506975	0.0021380781
0	3.8182542846	0.0021377803
-0.2	3.8172578717	0.0021374824
-0.4	3.8162614587	0.0021371846
-0.6	3.8162614587	0.0021371846
-0.8	3.8152650458	0.0021368867
-1	3.8152650458	0.0021368867
-1.2	3.8152650458	0.0021368867
-1.4	3.8142686329	0.0021365889
-1.6	3.81327222	0.002136291
-1.8	3.81327222	0.002136291
-2	3.8122758071	0.0021359932
-2.2	3.8112793942	0.0021356953
-2.4	3.8112793942	0.0021356953
-2.6	3.8102829813	0.0021353975
-2.8	3.8092865684	0.0021350996
-3	3.8092865684	0.0021350996
-3.2	3.8092865684	0.0021350996
-3.4	3.8102829813	0.0021353975
-3.6	3.8102829813	0.0021353975
-3.8	3.8102829813	0.0021353975
-4	3.8102829813	0.0021353975
-4.2	3.8102829813	0.0021353975
-4.4	3.8112793942	0.0021356953
-4.6	3.8112793942	0.0021356953
-4.8	3.8112793942	0.0021356953
-5	3.8112793942	0.0021356953
-5.2	3.8112793942	0.0021356953
-5.4	3.8122758071	0.0021359932
-5.6	3.8122758071	0.0021359932
-5.8	3.8122758071	0.0021359932
-6	3.8122758071	0.0021359932
-6.2	3.8122758071	0.0021359932
-6.4	3.8122758071	0.0021359932
-6.6	3.8122758071	0.0021359932
-6.8	3.81327222	0.002136291
-7	3.81327222	0.002136291
-7.2	3.81327222	0.002136291
-7.4	3.81327222	0.002136291
-7.6	3.81327222	0.002136291
-7.8	3.81327222	0.002136291
-8	3.81327222	0.002136291
-8.2	3.81327222	0.002136291
-8.4	3.81327222	0.002136291
-8.6	3.81327222	0.002136291
-8.8	3.8142686329	0.0021365889
-9	3.8142686329	0.0021365889
-9.2	3.8142686329	0.0021365889
-9.4	3.8142686329	0.0021365889
-9.6	3.8142686329	0.0021365889
-9.8	3.8142686329	0.0021365889
-10	3.8142686329	0.0021365889

